69
79
87
91
91
84
72
66
60
53
44
37
45
58
96
121
120
113
104
94
89
89
95
102
110
116
120
115
82
64
64
83
101
99
94
88
86
85
86
89
89
90
94
81
50
42
39
37
36
35
34
32
31
29
26
24
24
25
23
21
19
17
15
14
15
17
19
20
22
23
24
28
32
37
42
58
82
99
105
104
99
94
93
91
92
95
96
80
56
52
49
45
44
43
41
62
96
101
105
83
83
95
105
106
105
93
77
69
61
56
52
58
78
91
114
134
135
129
116
101
88
86
89
98
105
109
113
103
74
66
66
71
96
106
100
91
87
85
86
87
87
89
81
57
48
45
41
40
39
38
36
34
31
29
25
24
24
23
22
19
17
16
14
13
15
15
18
20
23
24
24
27
32
36
41
44
61
79
91
98
97
95
93
93
97
96
76
50
46
47
47
46
46
45
43
60
94
103
107
84
96
107
112
111
112
103
84
68
60
66
83
99
110
118
126
135
140
134
123
111
93
83
87
94
99
103
103
84
68
67
67
67
78
100
105
97
95
92
93
90
88
76
55
48
48
46
44
44
44
42
38
35
32
29
25
23
23
21
20
19
18
16
13
13
16
17
19
21
21
23
25
28
32
36
39
41
44
53
64
77
88
89
89
88
85
70
48
43
44
41
39
41
46
46
42
52
81
99
104
83
102
111
112
109
111
105
88
70
67
96
110
112
122
123
126
131
137
131
124
116
98
86
86
93
98
96
79
63
66
68
68
72
77
83
93
97
98
101
98
85
68
51
46
47
47
47
47
45
45
43
39
37
34
30
26
23
21
19
19
18
19
16
14
14
16
18
19
20
21
24
26
30
33
36
38
40
39
36
40
52
61
63
63
56
47
44
43
43
42
38
36
37
40
40
39
45
62
84
100
82
96
110
110
106
104
97
85
70
84
116
114
115
122
125
126
125
127
126
121
114
104
93
87
89
84
68
58
57
62
66
71
78
83
82
77
72
71
72
70
62
58
51
47
47
47
49
49
48
47
44
41
38
36
32
29
24
21
21
20
19
19
17
15
16
18
18
20
22
22
24
27
31
35
38
39
40
38
34
34
41
47
46
47
46
46
43
41
41
41
37
37
37
38
37
38
46
53
65
82
74
83
101
105
103
100
92
73
69
103
124
118
117
119
122
122
119
117
115
109
107
105
91
70
59
50
44
48
54
57
65
75
80
81
82
77
65
62
63
64
61
61
58
47
48
49
50
49
49
47
45
42
41
38
35
30
27
24
22
21
20
20
19
18
18
19
20
21
23
24
26
29
33
38
40
42
42
43
48
48
51
52
51
51
54
54
49
41
38
38
35
36
36
35
37
39
45
51
56
59
52
68
88
98
96
93
82
66
80
118
124
119
115
116
116
116
115
111
107
100
97
100
79
37
30
36
38
42
48
53
65
75
77
78
79
76
66
65
64
63
61
62
60
50
46
48
50
50
51
49
46
44
42
39
36
31
28
25
22
22
22
21
21
21
20
19
20
21
24
25
27
32
36
40
45
47
50
60
62
55
51
52
55
58
61
60
53
45
38
36
36
36
37
37
38
39
41
45
45
47
38
47
63
77
79
76
68
61
93
124
121
119
114
115
114
114
110
108
104
100
93
94
73
29
32
35
40
43
44
49
60
68
74
74
78
72
66
67
66
66
66
64
58
50
44
45
49
51
51
49
48
46
44
40
36
31
29
26
23
22
22
23
25
23
21
20
21
23
24
26
30
35
38
43
47
53
64
65
57
53
52
52
54
57
60
62
57
48
41
36
37
37
38
37
38
37
37
38
38
40
32
32
42
54
59
59
59
66
100
121
121
120
116
116
116
114
110
107
104
103
95
91
64
33
36
39
42
46
48
50
60
65
70
73
75
67
68
73
73
73
73
68
59
51
43
44
46
47
47
46
46
45
45
41
36
32
29
26
23
23
24
25
26
25
22
22
24
25
25
27
31
35
39
40
44
59
71
62
54
50
50
51
54
57
60
60
60
55
44
38
38
39
39
40
39
34
33
32
32
35
29
25
35
41
43
48
51
63
92
118
119
120
118
116
116
113
111
109
105
104
98
91
54
29
39
41
42
46
47
52
58
63
69
71
69
69
76
82
82
79
78
72
62
52
41
42
44
44
45
44
43
44
42
39
36
32
28
24
23
23
23
24
26
25
23
23
27
27
27
28
31
35
39
39
44
63
66
59
52
47
46
48
51
56
60
63
62
60
51
42
41
43
42
41
37
32
29
28
28
31
26
23
30
35
36
39
45
52
78
111
113
117
116
115
114
113
113
110
107
108
103
93
47
29
35
41
45
46
47
52
58
63
65
63
68
74
83
90
88
83
84
70
63
51
39
39
41
42
44
42
42
41
40
38
34
30
26
23
21
21
21
23
25
25
24
25
27
29
29
29
31
34
38
39
47
59
57
54
50
48
46
48
49
55
60
63
62
60
56
45
43
47
47
43
38
33
29
26
27
29
25
19
25
30
32
33
37
41
60
99
110
117
117
115
115
116
116
114
114
115
109
79
38
34
34
35
41
44
45
52
60
56
56
64
71
78
85
91
88
80
127
117
64
45
39
39
39
41
41
41
41
41
40
37
33
29
24
22
21
20
20
22
24
24
25
26
28
28
29
30
32
34
38
40
49
61
59
55
53
49
48
49
50
55
58
61
63
62
54
47
46
49
50
47
40
32
29
26
26
27
25
18
20
24
24
26
31
40
45
74
100
115
117
116
116
119
119
117
116
117
105
62
34
36
36
34
34
36
37
41
50
54
59
67
72
78
81
85
84
75
113
175
142
74
35
35
38
38
39
40
41
40
40
37
33
28
24
22
20
19
19
21
23
24
25
27
29
29
30
31
33
36
40
48
64
76
76
70
67
62
57
52
54
58
59
62
65
62
54
47
46
49
49
46
41
33
30
26
25
26
23
19
20
20
21
20
25
38
37
46
83
105
110
113
115
118
118
116
113
109
85
55
39
35
34
33
35
36
38
43
50
58
62
68
71
73
74
75
75
70
85
161
167
163
111
48
32
36
38
38
39
39
39
37
35
30
26
23
22
20
21
23
25
27
29
30
31
29
29
32
36
41
52
60
70
80
79
73
72
73
73
64
58
60
63
63
65
67
58
49
47
49
48
46
41
34
30
26
25
28
25
21
20
19
18
18
19
29
33
43
64
85
101
108
113
116
115
110
102
87
63
52
45
34
32
32
35
39
43
49
54
57
59
61
64
65
67
66
65
66
67
142
163
158
163
146
81
36
33
36
38
38
37
37
35
31
27
25
24
23
23
24
26
29
31
33
32
31
28
112
64
51
60
57
65
75
76
74
75
77
79
75
66
63
66
67
68
70
55
48
50
52
49
47
41
33
30
27
27
30
25
24
23
21
18
18
17
25
35
50
54
63
79
91
98
100
97
90
81
63
53
52
47
34
32
34
37
43
50
57
61
55
51
51
50
50
54
56
60
60
52
111
163
154
152
155
158
123
57
32
36
38
38
36
34
31
29
28
26
27
25
25
26
30
31
33
33
30
53
182
101
56
57
55
59
66
70
76
79
81
83
81
76
69
69
71
70
59
48
48
51
54
53
49
41
33
29
27
28
30
26
28
26
22
19
19
20
22
37
55
58
61
65
70
73
74
73
71
64
49
48
49
47
34
31
36
42
50
60
70
69
60
57
53
44
39
41
49
53
51
47
79
159
151
148
145
145
153
149
96
43
35
38
37
35
32
31
29
29
30
29
27
27
29
31
31
33
29
108
186
126
57
56
51
52
57
67
76
83
87
90
89
86
76
70
68
60
49
46
48
52
54
52
48
40
33
27
23
26
31
25
31
26
24
21
22
23
21
32
57
64
68
68
67
64
64
65
60
52
44
46
47
46
35
34
40
49
61
75
88
83
77
74
64
51
38
36
42
48
48
48
59
148
151
142
138
138
139
145
152
132
70
35
35
34
33
32
31
32
32
31
29
28
30
30
32
33
46
156
172
140
57
52
48
49
53
60
69
82
91
95
96
91
79
65
55
48
49
50
51
54
52
51
45
40
33
27
24
27
31
25
33
28
25
24
24
26
26
32
51
61
69
70
66
59
53
51
48
48
45
48
50
47
37
38
44
55
71
87
96
97
93
87
75
59
43
37
40
43
45
46
47
129
150
137
134
133
133
135
137
145
150
108
46
30
33
33
32
31
31
30
30
29
30
30
33
32
97
169
160
151
62
48
50
50
51
55
66
77
86
91
90
84
69
54
53
52
55
56
52
52
51
50
45
41
34
27
25
27
29
22
37
32
29
26
26
30
30
32
49
57
61
63
58
49
45
49
50
52
49
50
54
45
40
42
47
54
71
91
106
116
109
100
88
69
50
39
38
41
45
46
44
105
149
133
128
129
126
128
129
132
138
153
134
63
31
31
31
31
30
29
30
31
31
34
35
48
148
158
154
156
76
46
49
50
50
55
64
70
74
77
77
77
73
71
72
75
79
74
65
56
51
50
47
42
35
28
25
26
30
23
42
37
32
27
27
31
33
35
46
59
56
57
55
48
47
52
53
53
54
54
56
44
43
46
49
54
73
95
116
123
122
121
114
94
61
41
39
42
44
45
43
84
145
127
122
121
119
120
122
125
130
140
129
110
91
38
29
31
31
29
30
31
33
36
36
98
159
149
150
159
98
45
49
49
50
53
61
67
67
71
81
93
92
87
86
87
87
86
82
73
61
54
52
45
37
32
28
26
29
22
46
41
36
29
27
31
34
37
40
51
55
56
51
46
48
53
55
57
60
59
48
43
46
48
54
65
74
88
102
107
119
127
125
115
81
50
45
46
45
47
45
73
139
123
117
114
114
113
116
118
124
134
106
89
122
116
51
29
31
30
29
31
33
34
53
144
148
147
150
157
120
47
48
49
51
53
59
64
67
82
96
97
92
86
84
85
86
88
90
88
82
63
53
48
38
34
31
30
30
23
51
46
39
32
28
31
34
35
34
37
51
57
52
48
49
54
55
61
60
51
43
43
47
51
65
67
68
76
83
93
110
118
112
101
90
66
53
52
51
52
51
68
133
119
113
109
109
108
109
111
119
125
90
83
104
124
128
56
29
30
30
31
32
32
106
151
143
146
148
154
140
54
51
51
52
50
54
59
73
94
101
95
87
83
82
85
88
90
95
98
93
76
56
49
44
41
39
36
33
25
53
48
41
33
30
29
31
33
33
35
39
47
52
53
52
51
51
51
47
43
43
45
46
59
70
67
66
65
68
80
93
96
95
92
92
83
63
58
57
59
57
68
127
114
106
104
102
102
103
107
114
114
79
87
100
110
129
126
43
28
29
31
30
65
145
141
142
144
146
151
155
69
50
52
52
51
52
58
83
98
96
90
86
83
82
85
89
91
95
102
99
86
63
52
49
45
41
40
36
25
54
49
42
35
31
29
29
31
34
37
38
37
38
38
37
36
35
37
41
41
42
44
49
65
67
67
65
61
63
71
81
85
88
94
97
96
78
67
64
65
64
72
123
112
102
100
100
100
100
103
113
97
77
93
102
113
121
134
84
25
29
30
40
123
140
135
137
140
144
149
164
90
48
53
49
47
47
64
89
93
88
86
84
83
83
86
91
94
96
103
102
92
66
51
49
44
42
45
45
29
56
48
41
35
31
30
32
33
35
36
36
35
33
30
29
28
30
34
37
38
39
41
53
64
64
65
65
64
65
69
78
85
93
101
107
111
105
101
99
93
80
81
121
107
100
100
98
97
98
103
109
83
84
96
108
118
122
128
104
28
26
30
100
140
133
134
137
140
144
150
165
109
48
54
48
44
45
64
86
87
85
84
81
80
82
87
92
94
95
100
101
91
62
50
49
44
46
48
48
33
54
46
39
33
31
31
34
36
38
39
39
38
35
34
30
29
31
32
35
35
37
38
56
63
63
65
64
64
69
80
97
110
105
110
115
116
116
116
113
110
105
93
110
109
100
96
93
95
96
105
97
78
92
104
114
122
125
128
106
27
32
94
135
132
133
135
139
142
146
151
163
131
42
44
39
34
33
52
78
84
84
83
80
79
81
85
89
92
95
98
99
87
59
52
50
43
46
50
50
35
50
44
37
33
31
31
35
37
39
41
42
42
39
36
32
32
32
32
34
35
36
36
53
61
62
72
86
104
123
134
139
136
107
98
101
103
102
100
97
94
96
91
87
105
98
95
93
93
98
106
86
84
98
110
119
126
129
133
96
48
105
134
130
134
138
141
144
147
149
153
160
151
51
40
34
28
29
42
70
81
82
83
80
79
79
82
86
91
94
95
96
85
60
54
52
48
50
55
54
37
48
43
38
35
32
32
35
38
40
43
44
45
43
39
36
34
33
30
29
28
33
44
74
107
124
141
147
147
141
133
122
124
114
90
90
96
95
95
96
93
91
93
83
100
109
92
96
95
102
101
84
96
107
116
123
129
134
133
88
103
140
135
139
142
145
147
148
150
151
155
160
162
68
38
33
29
30
34
64
78
81
82
81
79
78
83
87
90
90
92
96
83
59
52
52
51
53
55
55
39
48
42
39
36
33
33
36
38
41
43
45
47
45
42
39
36
34
43
62
89
121
146
158
162
157
148
139
131
125
123
119
118
118
96
83
89
90
92
93
92
93
97
91
89
146
118
104
106
110
100
93
106
114
121
126
130
138
144
92
63
140
143
144
147
149
150
150
151
153
157
160
167
85
38
36
30
29
29
53
76
81
81
77
77
80
82
87
89
90
94
92
69
55
52
52
53
54
54
56
42
46
42
39
37
34
34
36
39
43
44
46
47
46
43
42
39
34
101
173
178
170
162
156
152
148
145
138
126
120
116
113
116
117
109
85
82
87
89
90
91
93
97
97
82
150
168
133
112
120
108
102
113
120
125
129
134
160
156
103
43
123
146
145
148
151
152
152
153
156
158
162
170
101
38
35
29
29
31
42
63
78
80
75
73
75
79
85
88
92
94
76
55
53
52
52
54
55
56
55
42
46
42
39
37
36
35
38
41
44
45
47
48
47
45
43
40
37
37
80
147
170
163
156
149
145
143
139
129
119
112
112
113
112
111
99
80
84
89
90
93
93
96
98
93
133
185
170
142
117
111
111
116
122
126
129
157
178
158
111
42
108
153
150
150
152
155
156
157
159
161
162
171
111
39
36
31
29
30
35
46
62
72
76
72
70
74
80
86
86
73
57
55
55
51
51
52
54
53
55
45
47
44
40
39
38
38
41
45
47
49
51
51
50
48
44
41
39
43
45
55
107
158
163
149
143
140
134
122
114
109
109
105
102
104
106
92
81
87
90
93
95
96
99
99
126
189
182
173
151
117
110
118
124
127
146
184
178
159
116
49
106
157
153
153
155
158
160
162
163
164
164
170
110
38
36
31
26
27
32
39
44
54
67
69
68
66
67
69
63
51
50
50
51
50
49
47
49
52
59
50
46
44
42
40
40
41
44
46
48
51
52
51
50
50
47
45
43
52
55
58
62
82
130
154
147
137
123
116
111
108
102
97
97
97
102
105
89
85
89
94
96
98
101
102
117
186
185
180
172
156
128
120
125
135
183
186
176
161
120
54
100
161
156
158
159
162
164
165
166
167
166
169
89
37
35
29
25
27
30
34
36
38
43
44
44
40
39
39
40
44
47
48
48
47
48
47
49
56
65
53
46
44
42
41
40
42
45
46
47
49
51
50
50
49
46
46
52
61
61
67
73
76
74
100
143
138
119
114
107
100
96
93
96
96
98
102
103
91
88
93
97
100
105
104
109
180
188
182
177
171
161
139
123
173
203
185
175
161
124
59
91
164
160
161
163
165
167
168
168
167
167
150
58
40
38
31
27
27
30
31
32
34
31
29
27
27
29
31
33
38
41
42
43
49
52
55
59
65
73
58
44
41
40
40
40
42
45
46
45
46
46
47
48
48
46
47
56
62
66
73
82
86
80
67
75
123
128
108
99
98
95
92
93
94
96
99
103
105
96
94
99
101
104
102
102
169
191
184
179
175
172
160
151
205
209
186
174
162
130
69
82
167
165
164
166
168
171
173
170
167
157
82
43
42
37
32
27
26
30
30
29
30
28
25
23
24
27
29
33
35
37
40
48
54
56
59
60
65
72
59
41
39
39
40
41
43
43
43
43
41
42
40
42
43
44
45
54
62
70
81
91
92
84
70
61
76
121
123
104
96
93
91
91
91
93
95
101
106
110
108
108
118
131
137
123
164
195
187
182
179
175
174
194
213
209
189
176
165
136
82
76
167
166
167
169
173
175
170
167
172
98
42
45
40
35
29
28
27
28
29
27
27
26
22
21
23
25
24
29
32
34
46
49
50
54
58
60
68
74
62
37
38
39
40
41
42
42
41
40
38
37
38
39
38
41
42
52
62
71
84
96
98
89
75
74
90
108
126
112
96
89
86
90
97
106
122
141
154
160
168
173
177
180
182
179
179
191
192
185
179
177
180
200
213
207
189
178
167
148
93
65
166
169
172
174
170
155
141
179
134
46
47
46
40
34
29
28
29
29
29
29
28
24
21
18
19
25
52
57
29
39
46
46
48
53
59
64
69
73
60
34
37
40
41
40
41
40
38
38
36
36
35
37
37
38
40
49
59
67
81
94
100
94
89
90
113
121
116
117
97
93
108
119
123
121
122
136
166
196
197
191
186
184
185
181
177
177
182
184
180
182
185
199
213
205
190
178
173
142
72
108
183
188
187
180
166
145
166
160
58
42
48
47
40
35
32
32
32
31
30
30
24
17
20
44
93
140
172
75
28
45
47
48
52
56
61
65
68
73
59
28
34
38
39
39
39
39
36
35
35
35
35
35
36
35
36
44
57
64
78
91
101
106
102
103
122
130
117
105
105
107
106
101
97
92
87
81
79
107
173
197
191
184
180
178
175
176
178
180
184
188
192
199
211
204
189
182
175
166
183
205
199
193
186
174
155
157
171
78
35
44
47
47
42
37
35
32
30
28
25
28
51
90
133
163
177
183
114
27
33
47
48
52
54
61
65
65
66
68
56
23
31
35
36
37
37
36
33
32
34
35
36
36
35
33
33
37
50
60
76
93
107
112
113
111
122
132
123
107
100
95
86
79
81
83
82
80
77
69
130
168
188
185
175
174
174
174
178
183
188
195
197
200
207
204
195
185
178
197
203
200
194
188
178
160
148
171
117
69
72
68
58
48
44
42
39
39
53
73
101
133
163
172
170
168
173
139
36
28
37
50
50
54
58
64
66
63
62
62
52
20
28
32
34
37
36
34
31
31
32
35
37
37
34
31
31
33
39
54
73
91
104
115
121
119
126
133
122
102
101
105
111
105
84
69
71
75
75
81
163
165
166
181
178
174
174
175
176
198
203
198
199
202
208
208
199
182
197
201
201
196
190
181
166
146
155
120
75
87
97
97
98
145
147
145
147
151
165
174
175
171
168
165
166
169
157
52
26
32
39
51
52
55
60
63
63
61
59
60
51
18
24
30
34
35
35
32
28
29
32
35
37
36
33
29
29
30
34
46
66
86
101
116
121
120
123
124
107
104
109
114
118
121
121
99
66
61
69
77
132
107
63
83
166
177
173
174
174
218
210
195
198
202
211
210
192
201
206
203
198
190
183
171
150
139
117
71
63
70
69
68
144
183
177
175
173
173
171
170
170
169
167
167
167
168
76
21
31
32
38
49
52
55
58
58
58
58
57
59
49
17
23
29
33
34
33
30
26
27
31
34
35
35
32
28
28
29
33
40
56
76
93
99
109
110
121
114
109
111
114
120
125
125
126
129
119
78
56
63
50
58
98
92
90
165
180
177
145
153
215
198
201
187
211
203
204
210
209
202
194
185
175
154
130
106
76
56
63
64
56
126
187
179
175
173
170
169
169
169
170
168
167
167
171
115
38
34
33
33
33
45
50
52
54
56
57
56
56
58
47
17
23
29
32
34
31
29
27
27
28
31
34
34
32
30
28
29
31
37
49
63
76
79
85
109
122
115
115
117
120
125
129
131
129
129
132
133
94
70
119
169
190
195
152
113
167
186
119
58
138
159
112
82
192
205
214
211
207
198
189
181
164
134
95
82
58
58
61
53
103
187
184
181
178
175
172
170
170
170
170
168
168
171
141
54
54
52
38
33
31
36
46
52
53
56
57
57
57
56
44
19
24
29
32
34
32
29
28
27
28
31
33
34
33
31
29
29
30
34
41
50
62
64
82
122
118
119
122
125
128
129
131
135
134
133
135
135
145
167
186
188
189
193
201
186
147
173
148
32
54
64
8
16
130
210
209
208
202
193
181
146
118
96
82
64
56
60
53
85
182
189
185
184
182
178
176
173
172
172
171
169
170
160
75
55
63
63
53
35
29
31
41
51
55
56
58
59
59
57
45
24
28
33
35
36
34
31
29
26
27
31
34
34
33
31
30
30
30
32
35
40
46
58
112
117
116
123
128
131
134
134
136
139
140
139
138
141
168
185
187
190
192
194
199
201
198
171
164
107
41
1
22
43
97
197
195
191
188
185
190
139
76
50
53
56
59
55
70
171
193
189
188
187
185
182
179
176
174
173
171
170
171
104
61
67
69
67
60
40
30
30
32
43
53
59
61
60
59
59
46
26
30
36
38
37
35
34
30
28
28
30
33
36
39
45
48
46
41
38
37
39
40
94
122
114
119
125
130
134
137
139
142
145
149
147
144
163
184
189
191
192
195
198
202
199
197
200
186
162
142
111
65
70
157
196
197
199
201
202
202
207
201
154
89
55
53
60
157
197
192
191
191
190
188
185
182
179
176
174
172
173
125
77
80
78
75
70
62
46
34
33
34
39
47
54
57
57
56
54
39
31
33
38
39
37
36
35
32
29
29
31
38
57
70
73
71
71
70
67
53
40
64
124
115
115
121
128
132
136
139
144
147
152
157
156
159
184
191
193
195
197
199
199
211
208
198
195
196
195
191
193
174
185
204
204
205
204
204
204
205
204
205
208
196
141
74
136
200
195
195
194
193
191
190
187
185
181
177
175
178
138
80
86
87
84
78
70
61
47
35
34
36
41
44
46
46
45
44
43
34
33
35
37
38
38
38
38
35
31
30
41
64
75
78
76
73
72
74
74
73
61
110
122
114
117
123
129
134
138
142
148
151
156
160
162
184
198
196
184
175
163
142
156
218
222
200
193
194
197
201
200
197
194
200
206
205
205
203
202
202
201
200
198
197
198
187
190
197
200
198
196
194
192
190
187
185
181
178
181
144
81
83
89
88
85
77
65
56
44
34
35
40
42
42
43
43
42
41
40
33
31
33
35
36
37
39
38
35
32
36
62
73
75
75
75
73
72
71
71
71
102
126
117
117
120
126
132
137
142
146
152
156
161
164
180
173
137
92
66
62
55
48
154
206
223
204
194
193
198
203
201
200
198
194
195
201
199
196
195
194
193
191
191
190
189
188
183
176
183
199
200
194
190
188
185
182
180
180
136
75
76
85
88
87
82
72
61
54
41
34
37
41
41
40
41
39
40
41
41
34
31
33
35
35
36
37
36
32
31
50
67
70
70
70
71
71
70
70
68
77
125
121
119
120
123
128
135
140
145
150
154
161
165
151
103
70
69
58
48
51
50
97
185
197
225
212
196
193
198
207
211
207
202
201
200
171
167
190
184
181
180
178
176
174
171
167
162
152
136
130
156
184
187
183
182
180
165
106
63
68
76
82
86
84
76
66
58
50
37
36
38
40
40
38
39
38
40
42
44
38
29
32
34
35
35
35
32
28
35
62
67
68
66
69
71
70
68
68
64
108
131
121
120
124
127
131
137
144
148
153
158
166
126
68
58
66
68
62
56
52
55
150
184
193
223
218
198
196
172
197
217
219
212
205
205
181
75
125
170
160
154
148
142
134
126
117
109
103
95
87
85
105
128
129
121
105
71
55
64
69
74
78
79
78
69
62
56
47
37
38
39
41
39
38
38
40
43
44
51
45
26
29
33
34
33
32
29
25
39
62
66
65
65
67
68
68
68
63
82
134
128
125
125
129
132
136
140
147
151
155
165
134
72
61
63
65
62
55
56
50
79
167
181
191
217
223
202
183
79
167
203
211
219
216
210
209
106
42
93
130
109
95
84
79
78
82
94
102
104
96
85
71
55
42
36
45
57
62
65
67
71
74
74
71
63
58
52
43
40
40
41
40
39
41
40
42
44
48
58
49
24
26
29
31
31
29
27
23
40
60
66
62
62
65
65
65
64
63
120
136
130
128
129
132
134
138
142
147
153
161
154
89
63
57
59
61
57
53
52
45
94
163
180
190
210
226
209
112
50
134
193
197
205
215
217
220
165
52
43
70
86
86
91
96
99
102
106
89
49
47
49
50
50
50
48
49
57
64
65
66
68
70
71
68
61
52
41
41
43
41
40
40
39
42
41
42
46
53
65
54
24
26
27
26
27
27
24
22
43
62
65
61
62
65
66
67
62
96
142
134
133
133
133
134
135
138
140
145
153
163
119
62
52
51
50
50
47
45
44
35
77
156
179
190
203
224
157
55
53
91
182
188
194
201
208
216
204
73
49
47
67
79
71
68
68
73
84
100
76
50
57
59
60
59
57
54
52
57
62
63
64
63
66
64
57
46
41
45
44
41
40
40
40
42
43
46
49
57
69
57
26
27
27
25
24
23
22
22
40
60
62
64
65
68
72
71
77
141
142
137
138
140
140
139
139
139
138
141
151
153
91
93
116
124
121
120
112
105
103
101
109
146
178
190
201
192
77
55
56
66
160
176
185
192
199
204
211
105
47
54
52
51
55
62
66
72
80
91
109
77
55
61
65
64
61
58
51
45
48
55
58
57
57
54
47
45
46
47
44
41
41
44
44
45
49
50
55
64
71
58
28
28
27
25
24
21
21
20
33
56
61
66
68
70
74
71
119
154
144
144
147
133
103
78
60
56
55
58
73
100
102
129
147
156
163
166
168
171
174
182
164
139
177
191
199
110
52
54
53
49
125
157
170
182
191
197
205
146
43
51
57
58
58
61
64
67
70
74
87
106
65
60
66
67
64
56
48
43
39
41
45
45
45
47
46
47
50
51
49
47
46
48
47
46
52
57
59
66
71
55
27
26
27
26
24
22
21
20
24
49
61
62
66
75
71
97
168
157
134
112
90
57
36
28
23
21
20
21
18
68
119
134
145
152
156
160
164
168
172
179
171
141
175
194
157
54
53
51
50
41
77
126
145
164
179
189
196
191
134
79
52
51
53
55
60
69
81
93
110
135
134
62
63
65
62
53
47
42
39
40
42
42
44
44
46
47
52
54
52
49
51
52
48
47
52
58
61
64
66
51
26
26
27
27
26
24
20
21
21
30
53
62
70
73
69
113
124
89
71
67
53
37
35
34
27
24
23
23
19
78
124
134
144
151
156
160
165
169
174
180
178
141
175
187
83
47
53
50
48
42
103
93
105
133
157
174
185
192
200
194
147
126
143
156
171
184
193
198
201
198
196
129
56
59
57
49
44
40
40
41
42
43
43
44
47
49
54
57
54
54
54
51
49
49
54
58
61
62
65
50
29
31
31
31
29
24
20
21
21
20
29
57
70
69
70
69
66
66
64
50
36
32
31
30
25
23
22
21
17
77
126
133
142
149
156
161
166
171
176
182
185
146
175
145
49
50
51
50
44
81
193
111
86
98
120
146
167
180
187
202
204
205
205
204
203
202
200
199
196
194
191
190
115
53
51
47
42
39
42
42
43
44
43
46
51
55
58
57
56
57
56
54
57
57
57
61
65
62
63
51
36
37
36
37
36
34
26
21
20
19
20
32
51
57
60
61
59
52
39
30
27
25
26
26
24
21
21
20
15
79
127
131
139
147
155
161
167
172
178
183
189
153
166
90
47
49
50
46
55
165
205
129
46
81
98
109
133
157
170
197
201
200
201
200
200
200
199
198
196
194
191
190
188
126
56
44
44
44
46
45
44
43
44
51
58
59
61
59
57
56
60
61
63
64
65
65
64
64
64
55
35
34
34
34
36
38
36
26
22
20
21
24
25
28
29
28
28
28
25
24
23
21
21
20
20
18
19
19
13
77
127
130
137
145
153
160
166
172
179
183
190
164
139
59
51
46
45
46
139
196
199
164
41
41
62
93
107
120
140
178
201
199
200
200
199
199
197
197
195
193
191
189
187
189
153
80
44
46
49
46
45
45
49
58
62
62
61
59
58
59
63
63
66
68
70
71
69
69
71
58
31
28
27
30
33
34
36
33
25
19
19
24
22
20
18
17
20
22
23
22
20
21
19
18
17
16
18
17
13
59
125
127
134
142
151
158
166
172
178
182
188
174
106
50
51
42
46
128
193
191
196
187
80
41
42
45
78
105
114
136
193
196
197
197
197
197
196
195
194
191
191
189
188
186
188
181
130
69
47
49
48
49
54
62
66
62
59
58
59
60
61
61
66
69
72
76
79
79
81
64
29
27
26
28
29
29
29
33
26
18
17
19
18
18
18
17
18
19
21
22
21
22
20
18
14
14
15
16
12
44
123
126
132
140
148
157
164
171
177
182
187
184
89
47
44
49
135
190
188
191
194
198
190
121
54
43
49
69
87
105
154
192
191
193
194
194
193
192
192
191
190
189
189
187
186
186
189
175
115
63
49
54
63
67
68
64
59
55
55
55
57
62
67
72
76
81
84
87
90
71
29
30
28
26
25
25
25
28
27
17
14
17
17
18
16
16
16
17
19
21
22
20
17
15
11
12
13
14
12
34
120
125
130
137
146
154
163
169
176
181
186
188
86
38
64
149
187
185
187
191
193
196
197
201
167
85
52
73
38
52
90
167
185
185
187
189
190
190
190
190
189
189
189
188
187
186
185
186
189
171
118
71
62
69
66
62
57
53
51
52
56
63
69
77
84
87
87
91
92
71
31
30
28
26
26
25
25
25
24
16
12
16
18
17
16
15
15
15
18
20
20
19
16
12
10
11
11
11
10
28
115
125
128
135
144
153
161
168
173
179
184
190
92
73
158
181
181
184
187
190
192
195
196
196
199
193
137
85
37
34
37
72
150
178
177
180
184
186
187
189
189
189
189
189
188
187
187
187
188
190
194
179
129
81
61
57
53
51
48
52
56
63
71
82
89
92
91
93
91
69
31
28
25
26
26
26
25
25
21
13
11
11
15
16
15
15
14
14
16
18
18
18
14
10
9
10
10
10
12
31
105
125
127
133
142
151
158
166
171
176
181
190
129
132
166
173
179
182
185
189
191
193
194
194
194
194
199
133
29
35
36
36
52
111
160
176
182
186
188
189
190
191
192
192
193
193
194
194
194
192
188
186
186
161
79
53
54
49
48
51
55
63
73
84
90
94
95
93
90
67
32
30
28
26
25
25
25
23
17
10
8
8
10
14
16
15
15
14
15
17
18
15
11
10
10
10
10
13
19
26
88
125
126
131
140
148
156
163
167
171
177
168
121
129
156
169
176
180
184
188
190
192
193
193
192
190
194
104
27
35
35
39
41
41
58
88
119
142
155
161
163
162
161
158
153
144
129
117
105
94
87
81
72
67
61
58
55
51
50
52
60
67
75
84
90
94
93
92
88
63
32
32
30
26
24
24
23
23
14
8
9
8
9
10
13
15
16
17
18
16
13
10
9
9
9
10
12
18
19
18
69
127
125
129
137
145
152
158
162
167
137
86
76
123
148
164
172
178
182
186
188
190
192
192
191
188
186
69
28
34
35
37
39
41
41
38
38
41
47
51
52
53
54
56
57
56
53
53
56
58
59
59
58
56
58
58
54
52
55
61
68
74
80
86
90
91
89
85
82
62
32
32
31
27
25
22
23
23
11
8
9
9
8
9
9
11
11
12
12
11
9
9
8
8
9
9
17
20
18
16
41
122
126
128
134
141
147
152
157
116
71
70
70
98
142
157
168
175
179
183
186
188
190
190
189
188
169
45
31
33
35
36
37
39
40
40
40
40
43
45
47
48
51
53
55
58
58
58
61
62
62
61
59
59
57
55
53
54
61
68
71
78
84
85
88
87
84
79
74
58
33
31
31
29
25
23
24
17
11
9
8
8
8
9
9
10
9
9
9
8
9
9
8
8
8
10
18
20
18
16
20
109
127
126
132
139
144
150
114
68
69
70
70
73
126
153
163
171
176
180
183
186
188
188
187
188
149
34
33
33
33
35
34
36
39
41
39
35
37
41
44
47
49
50
52
54
54
56
57
58
60
62
61
58
56
54
55
60
65
70
73
76
81
82
85
84
80
73
66
51
30
30
30
27
26
24
16
10
9
8
7
8
8
8
9
10
9
8
8
9
9
8
9
9
9
12
17
19
18
17
13
83
127
125
131
137
144
123
69
68
69
69
69
67
83
143
159
166
172
177
180
184
186
186
186
188
135
30
34
33
33
32
30
35
47
53
46
31
28
32
37
40
41
43
44
47
49
51
52
54
56
58
57
56
55
53
61
65
68
71
73
74
75
75
77
77
74
67
60
46
29
27
28
26
26
19
11
8
8
8
8
7
8
8
9
10
9
9
8
9
9
8
9
8
8
13
17
18
19
18
13
56
125
125
131
136
135
78
66
68
67
67
68
67
63
92
156
165
168
173
177
181
183
184
184
186
131
27
32
31
32
28
27
40
61
72
58
30
20
25
29
30
32
43
53
52
46
46
49
50
51
51
50
50
51
54
62
66
68
71
72
73
71
66
64
68
67
60
56
44
26
22
20
17
12
10
9
8
7
7
8
7
8
8
8
9
9
8
9
9
9
9
8
8
8
12
17
18
19
18
15
34
119
126
132
138
94
61
66
66
65
65
66
65
64
61
104
165
168
171
174
178
181
183
183
185
138
28
30
30
30
24
28
50
78
87
66
31
14
17
19
26
61
85
95
96
77
47
48
52
50
48
47
46
48
54
60
65
69
70
71
70
62
56
55
59
60
57
59
46
15
14
13
11
9
8
8
8
7
6
7
7
7
7
8
9
9
9
9
9
9
8
8
8
8
11
18
19
18
18
16
17
103
129
134
123
47
61
65
64
64
64
64
65
63
63
61
97
167
173
173
176
180
181
182
184
153
29
29
30
28
25
37
63
90
95
73
37
11
10
15
56
85
87
93
102
108
72
49
54
56
52
49
45
46
51
58
64
68
67
65
58
47
45
48
51
54
57
58
43
13
12
11
11
11
9
9
9
7
6
6
6
7
6
8
8
8
8
8
9
9
8
7
8
8
9
17
19
18
18
17
11
80
133
136
72
23
53
64
63
62
62
63
63
62
62
62
42
74
164
177
176
179
180
181
181
168
46
23
27
24
26
45
74
95
99
81
46
13
4
29
74
77
87
95
103
111
95
52
55
61
57
50
48
47
50
55
60
62
59
54
46
40
40
42
44
48
49
48
38
12
12
12
11
12
10
10
9
9
7
7
7
6
6
7
7
8
8
8
9
9
8
7
7
7
7
12
18
18
18
16
11
51
134
120
26
19
34
52
61
60
60
60
60
60
60
60
46
16
51
155
181
179
180
180
180
180
89
31
24
23
32
54
80
96
100
86
53
17
1
41
76
84
96
104
111
118
110
72
68
71
66
58
55
49
50
51
54
56
54
47
41
38
37
39
39
44
43
44
34
13
13
14
13
13
11
11
10
9
9
9
7
7
6
7
7
7
7
7
8
8
7
7
7
7
6
7
15
21
18
15
13
28
129
75
11
16
15
23
44
57
59
59
59
59
58
57
45
20
8
61
151
182
180
180
180
184
124
43
27
22
38
63
83
94
96
83
54
26
15
54
93
96
105
114
119
125
115
86
76
76
70
63
59
53
52
46
47
49
46
43
39
34
33
34
33
40
42
41
32
14
15
15
12
12
12
12
12
10
10
10
9
8
7
6
7
6
8
10
12
12
12
12
11
8
7
6
11
14
16
16
16
16
90
32
12
11
12
10
15
34
52
56
58
57
54
54
43
18
12
43
69
138
182
181
180
185
161
53
28
25
46
70
84
88
85
74
58
49
51
72
96
97
103
114
121
121
107
87
78
78
70
66
60
56
52
46
41
42
40
38
34
29
29
30
29
34
40
39
30
15
16
15
12
12
12
11
11
10
11
10
8
8
8
7
6
6
13
18
20
23
25
21
16
13
10
8
8
7
10
12
14
15
17
11
11
10
11
14
14
15
30
46
53
54
51
51
41
17
10
46
64
73
119
176
184
185
185
76
32
34
55
75
82
79
70
64
67
74
83
91
97
99
106
114
117
111
98
83
79
76
68
63
58
56
50
47
40
38
36
31
28
27
25
26
27
28
34
36
27
15
14
13
13
12
10
11
11
11
13
11
9
8
8
6
5
9
18
20
24
28
31
29
20
18
15
11
8
6
7
8
10
10
9
10
10
10
10
13
15
14
15
32
47
51
50
49
39
15
10
45
58
58
62
97
162
189
194
109
33
44
63
76
79
69
62
64
73
87
97
101
98
99
108
115
115
101
81
67
66
67
64
58
54
51
51
49
40
34
32
26
25
24
23
22
23
24
23
20
13
13
12
12
11
11
10
10
11
12
13
12
10
9
8
7
5
14
25
24
28
34
36
34
26
21
19
14
10
6
7
10
11
10
11
10
10
10
10
11
14
14
14
19
31
42
46
45
36
13
10
40
34
40
60
72
85
142
196
152
42
52
68
80
76
64
62
65
74
87
97
100
101
104
111
116
111
92
64
52
56
59
57
54
52
49
50
50
40
33
31
26
23
22
22
20
19
20
18
13
9
12
11
10
10
10
10
8
10
14
15
12
10
9
7
7
8
20
27
25
32
34
35
35
29
23
21
16
11
7
9
10
9
10
9
8
9
10
10
11
12
13
13
12
14
20
27
28
28
9
7
34
16
25
43
58
62
54
101
174
63
60
77
84
76
66
63
67
76
89
98
100
103
107
114
117
109
85
55
49
55
58
56
53
53
52
51
49
41
31
27
21
17
14
14
14
14
14
13
11
8
11
11
11
9
8
12
23
31
36
35
29
21
13
7
9
8
19
26
24
32
36
35
33
26
22
23
17
13
11
11
10
9
8
8
8
8
8
10
10
11
11
10
11
11
11
11
10
24
7
6
34
11
14
24
38
45
42
31
67
68
73
87
90
85
74
67
68
78
92
100
100
103
109
115
117
107
81
49
46
52
55
55
52
53
55
52
49
40
27
27
29
28
23
19
18
18
18
17
15
11
9
10
10
9
20
39
49
49
46
45
44
38
27
12
9
8
11
24
29
31
35
34
28
19
19
20
13
11
12
14
11
8
7
7
7
7
8
8
9
9
9
9
9
9
9
9
9
25
6
7
35
9
10
17
34
45
47
42
43
64
85
99
104
105
96
80
73
81
97
103
99
103
109
115
116
105
77
44
43
48
51
51
50
52
52
49
46
37
36
51
61
65
61
57
54
54
54
52
49
36
8
9
9
26
47
49
49
48
46
45
46
43
38
35
32
25
21
22
26
29
26
21
17
13
15
14
12
12
13
15
12
9
16
19
15
8
7
9
10
9
9
9
9
9
9
10
9
26
6
7
39
9
11
15
34
51
56
50
52
68
88
102
113
120
116
100
84
88
104
108
102
101
108
117
117
104
72
38
37
43
47
48
49
49
47
46
52
57
67
81
89
90
89
86
84
85
85
85
84
64
7
8
23
46
49
48
47
47
45
44
45
49
68
76
72
56
49
39
26
24
21
14
9
10
12
13
15
15
15
15
12
21
36
37
30
14
7
9
11
11
9
10
9
8
9
8
8
26
5
8
42
9
12
14
37
57
64
57
55
65
82
97
110
123
126
115
99
96
111
116
111
108
114
120
118
102
70
41
39
40
42
45
45
45
49
60
77
86
89
93
94
93
93
92
91
92
92
92
92
72
6
13
39
48
48
48
46
45
44
43
47
67
87
90
84
74
67
55
38
23
17
14
10
12
17
20
21
19
17
13
15
40
53
51
44
21
6
9
11
11
11
10
10
11
10
9
7
26
5
9
51
7
11
15
38
63
71
63
56
61
73
89
104
119
129
124
111
104
116
123
120
117
119
121
117
102
80
62
56
50
45
42
46
57
72
88
98
97
93
92
92
92
92
91
90
89
90
90
90
70
9
23
44
47
47
47
46
44
43
41
54
79
90
93
93
85
76
62
43
23
13
16
19
18
22
25
26
24
20
13
26
54
67
64
51
21
6
9
11
11
11
12
13
13
11
10
7
25
6
11
57
7
11
15
39
66
76
66
54
55
64
79
96
113
128
126
114
107
115
124
126
123
122
120
115
105
96
88
79
71
61
57
66
83
96
103
102
94
91
90
89
90
88
87
84
83
83
83
84
66
17
33
44
45
46
46
45
44
42
41
56
81
90
96
97
91
80
72
50
27
18
24
29
26
27
28
24
20
17
21
42
67
77
72
52
20
5
8
10
10
13
14
12
10
10
12
15
29
6
12
56
7
11
15
39
67
79
69
54
50
56
65
82
102
120
121
113
108
115
122
127
126
120
115
110
107
105
101
99
94
85
84
91
100
103
101
93
87
83
80
78
77
74
70
66
64
64
63
65
54
23
39
45
44
45
45
45
45
42
40
54
77
90
97
97
91
86
77
50
28
23
27
31
36
37
34
24
14
15
35
58
76
81
74
54
22
4
7
9
10
14
17
21
25
29
35
40
34
5
10
55
7
11
15
39
68
80
70
54
48
51
57
69
87
102
106
105
106
116
120
122
121
114
104
100
104
108
115
129
127
108
95
96
97
94
86
77
70
62
56
53
50
47
45
43
42
42
41
42
39
29
42
48
45
44
44
44
44
41
39
47
70
85
97
99
92
83
66
42
28
22
25
36
47
49
43
28
14
26
53
70
81
83
76
58
27
4
7
16
25
35
41
48
52
58
61
55
33
5
10
53
7
11
15
38
62
73
63
53
50
54
69
86
91
87
81
87
99
109
112
115
113
102
85
78
90
108
129
139
141
124
95
88
84
74
64
57
49
43
40
40
42
42
40
40
38
38
38
39
34
29
41
51
48
45
44
43
42
41
41
41
55
72
86
90
76
57
39
27
23
22
30
45
57
57
49
31
19
42
66
77
82
82
78
64
34
9
14
33
49
61
67
72
75
77
75
65
32
5
9
54
9
12
15
31
49
57
50
47
50
69
101
117
115
97
70
65
76
81
90
100
103
90
59
47
77
106
128
140
140
125
94
81
79
74
69
63
58
52
47
49
53
55
50
46
43
44
46
50
42
29
38
50
49
45
44
44
42
40
40
40
42
54
66
61
42
31
23
21
29
39
51
59
65
64
55
34
28
55
75
81
82
82
80
68
42
26
32
54
70
79
82
83
84
83
76
61
30
5
8
53
11
13
14
22
33
40
42
44
54
87
119
134
133
116
89
67
62
54
60
84
95
83
53
47
83
112
125
134
129
112
86
83
84
84
83
81
78
74
70
70
71
70
65
61
57
58
61
67
54
24
26
37
46
46
46
44
41
38
36
37
36
41
51
39
29
26
20
26
46
61
75
79
74
69
56
39
41
66
79
82
82
81
80
70
54
46
53
71
81
84
86
86
84
78
64
41
23
5
8
53
12
19
24
29
37
41
44
47
65
98
125
136
136
126
108
90
82
66
63
85
99
90
64
60
93
114
113
108
97
78
72
80
83
84
85
85
85
84
83
82
82
80
78
75
73
72
74
77
62
17
19
26
38
55
56
51
44
37
34
34
33
31
29
26
28
23
18
27
59
80
89
92
86
75
59
46
55
73
82
82
81
80
78
70
63
60
67
78
83
85
85
84
80
68
44
17
16
6
8
52
17
36
55
65
68
66
61
60
79
111
131
137
137
130
117
104
99
90
88
98
105
95
65
59
89
100
88
76
55
39
47
65
76
81
83
83
84
84
84
83
83
82
82
81
79
77
78
80
63
15
17
17
36
62
69
65
54
41
33
31
24
12
12
15
16
14
15
27
59
87
95
96
93
85
72
62
68
77
81
82
80
78
73
66
64
66
71
78
82
84
84
85
83
65
29
3
17
6
7
50
20
51
81
93
92
83
70
69
94
123
135
138
138
133
123
107
99
98
97
100
99
88
60
55
82
91
68
46
23
11
21
41
58
71
78
81
81
81
81
81
80
80
80
79
77
75
75
77
60
12
17
18
54
71
78
79
67
42
22
14
8
7
10
11
11
10
18
30
54
84
94
96
95
92
86
78
74
76
79
80
77
73
66
57
59
61
65
73
79
84
95
107
99
71
29
6
19
4
7
49
14
47
79
94
91
79
68
77
106
127
135
137
135
131
123
109
97
98
99
100
98
86
58
54
77
85
52
15
9
13
14
19
35
55
70
78
79
78
78
78
78
78
77
76
74
72
70
73
58
9
15
26
72
87
91
93
86
48
18
9
7
7
8
10
10
12
19
28
49
80
91
95
96
94
92
84
74
73
75
74
70
64
54
46
48
50
54
67
81
98
112
115
105
83
48
28
25
2
7
49
9
26
58
75
77
69
69
87
109
122
126
127
125
125
120
110
101
99
98
99
103
93
61
56
83
88
64
29
14
16
16
20
31
44
62
76
81
79
76
75
75
75
75
74
72
70
68
69
56