133.221619 105.109467 86.092972 90.785461 125.099960 110.571243 69.856995 43.657761 65.924202 154.434448 241.627808 273.386169 256.019531 213.335419 111.731819 77.369247 107.712578 124.016129 115.974136 65.802734 16.124516 56.603886 68.600288 62.241467 61.773781 84.308952 177.341476 152.643372 35.355339 29.832869 119.866592 133.723602 29.732138 54.405884 58.137768 39.446167 30.265491 22.803509 8.000000 17.492855 78.892334 160.704697 158.549683 72.897186 31.016125 27.018513 27.892651 31.048349 29.529646 25.455845 21.954498 19.646883 24.000000 21.213203 7.211102 7.615773 14.422205 18.439089 17.888544 13.928389 15.811388 13.416408 5.830952 11.045361 13.038404 17.029387 15.033297 13.038404 8.000000 16.124516 31.016125 35.014282 35.355339 48.373547 113.357841 185.607117 199.624649 168.860886 110.163513 54.147945 28.178005 17.888544 17.262676 42.755116 129.034882 207.171432 169.623108 80.498444 45.122055 36.138622 16.000000 3.162278 15.811388 55.226807 198.927124 177.053665 61.351448 72.111023
86.371292 37.121422 19.026299 42.638012 114.586212 133.663757 87.097649 53.758720 164.730087 226.176926 229.268402 192.353836 139.942841 100.169853 60.530983 7.615773 67.468513 94.921021 123.693169 106.892471 24.041630 42.449970 55.713554 45.254833 67.067131 143.422455 172.534058 85.276024 8.246211 11.401754 62.817196 127.059044 103.247276 31.780497 32.249031 45.607018 55.226807 42.047592 40.521599 98.407318 160.424438 149.626205 72.470680 18.867962 17.492855 21.954498 22.360680 23.409399 28.319605 27.784887 25.059929 26.000000 28.635643 24.083189 10.770329 14.212670 17.204651 14.212670 9.486833 11.401754 18.110771 11.045361 9.486833 15.231546 14.422205 15.811388 11.045361 12.649111 14.000000 20.248457 30.364452 31.400637 28.071337 24.166092 45.276924 106.329674 174.132141 208.254654 194.077301 153.375351 130.000000 129.468140 155.293274 194.283295 211.589218 160.704697 64.202805 26.832815 36.249138 40.049969 38.910152 28.635643 23.323807 42.520584 165.710587 201.444778 123.846680 63.513779
50.159744 7.211102 21.540659 36.796738 94.921021 132.015152 73.006851 138.621780 208.197021 143.108353 95.425362 69.354164 38.209946 33.136082 49.578220 44.000000 57.982758 65.620117 100.129913 114.481438 56.302753 21.587032 41.400482 70.256676 143.178207 179.777634 119.473846 40.049969 12.649111 26.907248 51.400391 59.076221 79.309517 100.129913 102.176315 93.048378 87.051712 103.788246 133.454117 146.348892 124.450790 58.000000 12.083046 0.000000 10.198039 18.384777 17.088007 15.620500 26.000000 27.313000 24.698177 29.529646 33.105892 30.463093 20.396078 13.341664 8.246211 6.000000 3.162278 9.486833 19.646883 11.313708 14.142136 16.124516 12.083046 12.649111 8.944272 12.649111 19.646883 25.298222 31.016125 29.154760 22.135944 15.033297 10.000000 32.062439 76.157730 131.125900 163.370743 165.656265 169.073944 169.664368 169.097610 153.733536 111.803398 53.009434 15.231546 20.000000 24.698177 12.165525 24.083189 31.016125 30.594116 33.970577 109.251999 173.066467 174.091934 87.692642
75.604233 31.048349 34.985710 52.630791 102.215462 120.332870 20.248457 199.323853 154.673843 49.497475 32.649654 36.055511 17.492855 21.587032 48.662102 68.029404 74.686012 72.346390 69.079666 88.566360 81.006172 69.354164 132.740341 189.842041 197.022842 130.973282 58.137768 45.343136 38.832977 47.010635 47.434166 25.806976 14.000000 68.949257 118.067780 142.014084 146.000000 135.440018 105.688217 66.648331 58.549126 24.166092 5.830952 10.000000 10.770329 12.083046 14.422205 17.204651 24.698177 25.059929 24.207438 30.232433 34.985710 35.355339 30.886890 19.849434 13.038404 11.401754 7.615773 9.899495 18.601076 15.811388 17.492855 15.620500 12.727922 15.811388 14.212670 15.556349 22.360680 29.154760 34.928497 31.906113 24.041630 17.204651 12.000000 24.166092 36.055511 42.638012 51.088158 37.443291 45.011108 38.209946 17.492855 28.600698 30.886890 16.492422 16.492422 22.627417 18.867962 4.000000 8.602325 14.560220 11.401754 31.144823 65.924202 101.212646 149.933319 140.513351
121.655251 56.568542 47.853943 65.069191 116.619041 86.452301 116.387283 217.706223 82.134033 30.000000 7.071068 29.698484 35.440090 39.623226 48.083260 62.817196 81.939003 86.764046 64.078079 81.006172 170.950287 208.849228 220.435928 189.931564 126.301224 73.498299 54.203320 55.569775 67.364677 54.332310 27.166155 17.204651 20.000000 58.051701 50.695168 26.683329 29.017237 28.600698 19.646883 24.083189 56.797886 40.496914 2.828427 10.198039 5.656854 6.324555 11.401754 19.235384 22.847319 21.633308 22.803509 27.784887 33.615471 34.176014 29.529646 23.021729 12.806249 10.000000 10.770329 12.083046 17.888544 20.396078 15.297058 10.000000 10.000000 15.231546 14.422205 15.556349 26.076809 34.985710 39.446167 37.202152 33.015148 34.785053 51.923019 83.952370 99.005051 80.024994 49.396355 30.364452 34.234486 47.539455 55.443665 57.008770 59.665737 41.785164 16.552946 18.439089 11.313708 4.242640 2.000000 3.162278 10.198039 28.071337 48.104053 60.876926 95.383438 126.142776
179.287476 122.800652 101.271912 108.240471 127.561752 24.083189 205.080475 182.236115 20.000000 32.249031 12.727922 20.248457 28.071337 34.205261 40.816662 46.043457 55.172459 58.051701 49.030602 90.000000 242.528351 213.002350 111.157547 61.660358 33.286633 41.617306 49.578220 68.425140 84.770279 58.600342 31.622776 26.000000 22.360680 56.515484 42.047592 15.231546 13.341664 14.422205 16.552946 17.029387 52.345009 52.038448 11.401754 19.849434 10.770329 5.830952 10.000000 19.235384 21.633308 21.260292 23.323807 27.202942 33.376640 31.400637 24.041630 24.041630 13.928389 5.830952 8.246211 14.000000 20.099751 20.248457 13.416408 6.324555 10.295630 15.231546 15.231546 17.492855 32.249031 39.115215 39.115215 40.496914 41.036568 58.668560 86.313385 78.447433 48.104053 31.240999 7.615773 10.770329 20.000000 29.698484 28.635643 38.418747 64.884514 62.241467 34.785053 11.045361 3.162278 7.211102 7.071068 7.615773 8.246211 17.029387 39.824615 55.713554 69.426216 79.699432
205.251068 180.249832 152.013153 132.966156 94.339813 89.050545 236.934586 123.166557 10.198039 28.000000 15.297058 1.414214 4.472136 17.492855 28.844410 30.528675 31.780497 41.012192 26.000000 95.634720 254.656631 159.906219 20.248457 34.000000 32.649654 26.832815 27.018513 61.983868 78.447433 59.363289 37.013512 25.806976 25.059929 48.332184 15.297058 27.166155 36.221542 41.109608 41.231056 38.600517 57.218880 58.034473 21.023796 22.671568 22.671568 15.231546 15.231546 15.620500 12.165525 13.928389 22.847319 31.780497 35.128338 29.154760 22.360680 24.331051 14.560220 5.099020 9.486833 16.552946 18.000000 19.849434 15.556349 12.165525 18.601076 17.029387 14.422205 22.847319 35.468296 35.468296 30.364452 32.062439 47.074409 79.322128 68.818604 25.495098 45.188496 31.400637 8.944272 12.649111 22.360680 24.331051 15.297058 15.231546 53.665630 71.119621 55.461697 20.000000 9.486833 10.770329 10.198039 9.055386 4.000000 17.720045 34.525352 47.265209 51.788029 50.990196
145.244614 147.851273 136.937943 109.041275 61.611687 148.660690 228.078934 98.152939 10.295630 18.439089 18.867962 8.246211 8.944272 21.023796 24.083189 24.331051 22.135944 38.626415 44.384682 127.577431 246.434570 112.641022 36.055511 31.144823 29.966648 23.706539 23.323807 51.478149 60.299255 48.104053 34.985710 24.413111 28.844410 19.646883 37.735924 58.240879 60.133186 54.147945 48.846699 61.057350 70.342018 67.186310 29.832869 19.798990 24.413111 25.495098 24.331051 22.135944 17.720045 13.038404 20.248457 32.249031 34.000000 29.017237 25.179358 23.537205 11.045361 3.162278 7.211102 10.770329 5.099020 16.552946 14.212670 16.124516 23.021729 17.720045 14.422205 23.409399 32.249031 32.062439 22.090721 26.000000 72.000000 94.921021 16.124516 57.008770 52.801514 29.832869 22.090721 22.671568 27.313000 27.459061 18.000000 7.071068 35.468296 70.724815 74.431175 36.769554 20.396078 20.396078 18.000000 12.083046 21.213203 28.319605 31.780497 38.052597 40.521599 36.769554
84.023804 82.764725 88.056801 80.956779 79.649231 168.617905 234.093994 120.830460 30.364452 14.560220 14.560220 7.211102 11.661903 17.029387 19.697716 26.832815 21.260292 34.205261 57.775429 175.071411 248.620193 74.672615 42.190044 22.803509 23.409399 18.110771 22.000000 45.011108 48.166378 40.521599 32.557640 32.984844 17.029387 31.112698 72.249565 67.675697 58.463665 47.539455 46.690472 69.641945 76.655075 82.000000 41.109608 21.954498 22.360680 18.973665 15.033297 16.552946 16.124516 17.720045 24.041630 29.966648 32.280025 32.280025 31.016125 23.706539 11.401754 9.055386 11.661903 14.422205 5.656854 11.045361 9.899495 17.029387 19.849434 15.297058 14.560220 17.888544 27.018513 31.144823 18.439089 24.000000 87.143562 81.743500 37.363083 62.128899 45.694637 23.323807 13.341664 22.671568 32.649654 36.138622 25.019993 10.000000 18.439089 50.119858 76.941536 49.819675 25.495098 29.832869 27.892651 23.021729 34.000000 31.780497 22.671568 21.587032 25.059929 22.847319
63.007935 50.774010 51.264023 63.134777 81.400246 158.113876 253.743973 166.883194 51.224995 20.000000 11.661903 8.944272 6.000000 11.661903 21.633308 31.240999 34.928497 46.518814 81.743500 228.844925 238.214188 44.384682 38.600517 34.985710 26.000000 14.764823 26.683329 48.000000 37.121422 32.649654 43.081318 32.649654 34.525352 58.668560 68.264191 38.078865 35.608986 63.071388 144.055542 185.800964 136.616257 95.036835 42.379242 14.764823 18.867962 17.492855 14.000000 13.416408 10.198039 11.661903 17.492855 26.570660 32.893768 35.468296 31.780497 20.591261 11.401754 11.045361 13.038404 17.492855 9.899495 4.472136 6.000000 15.811388 15.231546 7.071068 7.615773 13.038404 21.213203 28.071337 20.099751 34.525352 85.475143 52.345009 28.284271 36.769554 30.000000 20.248457 7.071068 13.341664 28.071337 39.319206 29.832869 12.083046 8.246211 32.984844 64.327286 47.539455 22.135944 28.178005 30.463093 40.224369 45.607018 37.121422 24.083189 10.000000 14.142136 13.038404
53.814495 50.119858 49.477268 58.137768 68.249542 117.004272 238.549789 224.722046 105.422958 37.576588 5.099020 8.602325 11.401754 20.396078 26.570660 31.780497 34.000000 38.288380 143.136292 278.729248 186.815414 18.110771 12.165525 32.557640 46.324940 43.011627 49.091751 67.201187 48.166378 32.984844 33.615471 46.389652 52.497620 52.952808 49.254440 21.260292 44.294468 103.392456 223.486023 339.187256 389.219727 217.720001 63.953106 15.811388 17.204651 17.888544 16.124516 10.000000 5.099020 5.830952 14.142136 27.166155 33.376640 35.693138 27.892651 15.811388 10.295630 7.615773 11.313708 17.888544 11.401754 4.242640 7.615773 14.764823 11.661903 5.830952 7.211102 13.038404 19.697716 27.202942 32.649654 66.287254 108.166542 81.633324 74.632431 73.539108 69.079666 60.926186 41.231056 24.331051 30.232433 33.526108 24.000000 18.000000 7.071068 35.355339 60.000000 37.336308 12.806249 17.492855 14.212670 38.600517 53.758720 42.190044 26.076809 13.038404 8.602325 11.661903
31.240999 39.395432 45.541191 54.129475 67.201187 75.166481 168.404282 258.402802 198.600098 89.375610 29.120440 11.045361 12.000000 11.661903 11.313708 13.928389 8.485281 66.287254 214.671844 268.555389 118.869675 5.830952 5.099020 10.770329 27.202942 31.780497 39.824615 63.513779 52.478565 26.000000 47.539455 51.923019 41.012192 40.816662 51.865211 56.885849 63.245552 130.667511 331.789093 167.720001 457.611176 505.911072 336.217194 110.535065 10.770329 22.360680 15.231546 12.083046 9.055386 7.615773 12.649111 25.019993 33.376640 36.496574 26.683329 15.811388 11.401754 4.472136 9.486833 16.492422 13.416408 14.212670 18.601076 19.849434 12.083046 5.099020 9.486833 17.888544 28.600698 48.166378 73.661385 107.489532 126.372467 89.944427 80.956779 81.154175 82.969872 95.078911 93.605553 65.802734 38.626415 32.526913 24.041630 21.954498 12.083046 41.231056 64.761101 36.138622 7.211102 11.045361 12.083046 33.136082 53.084839 44.407207 28.284271 18.000000 3.162278 5.099020
6.324555 16.492422 25.019993 37.576588 74.632431 69.426216 91.934761 209.246262 241.018677 155.589203 80.622574 40.816662 27.018513 17.029387 21.633308 41.231056 74.793045 157.136887 233.623627 188.047867 84.593147 21.213203 14.422205 7.615773 15.297058 21.400934 37.013512 54.589375 54.424259 39.293766 37.121422 41.182522 43.011627 51.264023 61.188232 71.063354 68.963760 97.416634 382.256470 302.988434 123.328827 385.292084 531.377441 458.931366 234.917007 48.104053 18.973665 19.235384 12.649111 10.198039 11.313708 17.029387 29.832869 36.687874 28.635643 19.849434 18.601076 16.492422 17.492855 19.849434 21.260292 24.207438 26.419689 22.847319 14.142136 8.602325 119.004204 198.217056 162.505386 88.238312 85.041168 75.802376 86.579445 41.012192 21.213203 28.844410 35.355339 60.133186 87.315521 92.282173 53.851646 32.649654 27.784887 23.323807 21.954498 42.941822 73.824112 35.693138 13.416408 10.770329 14.560220 30.066593 51.009804 44.000000 29.017237 18.439089 11.401754 12.649111
13.416408 8.246211 8.602325 15.811388 56.302753 68.264191 62.369865 129.065872 183.172043 191.342621 150.332962 103.768974 79.849861 74.242844 89.286057 115.039124 157.784668 205.650192 176.051132 92.973114 74.966660 46.173584 7.211102 12.165525 28.635643 42.520584 60.876926 68.014702 43.931767 13.416408 44.271889 68.410522 82.873398 87.965904 82.607506 73.061615 59.008472 68.264191 319.862457 408.648987 102.068604 69.641945 226.812698 448.698120 518.277893 371.809082 148.600128 10.770329 17.029387 6.000000 7.211102 12.649111 24.083189 30.265491 25.059929 21.400934 21.540659 22.360680 17.262676 14.212670 20.248457 21.023796 17.204651 11.661903 11.313708 29.732138 374.285980 409.206543 379.665649 106.282639 36.055511 34.000000 78.549347 63.780876 29.017237 4.000000 27.313000 35.468296 46.840153 78.409180 73.783470 42.047592 31.780497 27.892651 10.198039 58.872746 78.549347 19.697716 18.439089 19.026299 25.455845 36.687874 56.035702 45.099888 26.076809 12.649111 14.212670 10.000000
26.076809 23.021729 11.661903 4.000000 28.284271 67.601776 97.867256 92.649879 77.794601 130.138382 160.312195 162.689896 162.788208 166.000000 167.529099 166.973053 182.236115 170.182251 91.049438 36.359318 69.007248 59.008472 2.000000 27.784887 48.600410 69.426216 87.863533 85.088188 54.332310 33.015148 14.212670 39.293766 74.966660 98.325989 97.744568 75.286118 56.885849 65.145988 237.402618 455.411896 190.682983 46.669048 41.231056 86.821655 295.113525 481.572418 473.710876 280.232056 81.841309 2.000000 3.162278 13.038404 21.023796 22.803509 19.849434 20.248457 21.213203 25.179358 22.803509 13.341664 17.720045 19.026299 12.165525 7.615773 10.198039 135.092560 589.565918 326.496552 486.805908 176.476624 8.246211 29.427877 67.941154 75.286118 50.990196 33.136082 36.878178 43.382023 46.000000 66.648331 83.006027 58.309521 22.000000 6.324555 53.814495 92.314682 59.548298 9.899495 22.803509 9.486833 22.847319 44.181442 61.008198 48.166378 29.732138 13.416408 17.720045 7.071068
27.202942 26.832815 17.029387 17.262676 16.970562 61.204575 127.035431 95.341492 48.166378 43.931767 60.876926 98.030609 128.763351 138.000000 131.529465 129.807556 137.905762 99.156441 38.832977 19.697716 60.299255 59.076221 14.212670 49.396355 75.286118 104.661362 127.914032 115.108643 102.459747 98.843307 86.729462 70.710678 55.081757 44.384682 68.876701 71.610054 51.923019 44.721359 138.231689 452.055298 291.660767 49.819675 46.647614 64.124878 43.657761 131.893890 366.344086 490.195892 396.913086 188.875626 41.400482 12.083046 17.029387 16.552946 15.556349 16.552946 20.099751 22.090721 23.706539 17.088007 12.806249 15.033297 9.486833 9.486833 16.552946 322.605011 628.814758 139.671036 503.747955 274.372009 27.202942 30.364452 48.826221 69.426216 75.471848 66.407829 49.819675 46.754681 49.819675 60.083275 77.781746 72.013885 40.496914 68.264191 89.643738 62.481998 11.401754 21.954498 20.248457 3.162278 26.000000 48.270073 58.309521 51.088158 35.693138 9.486833 26.305893 6.000000
30.463093 24.698177 19.697716 22.135944 21.213203 41.976185 130.384048 114.437759 47.074409 33.941124 14.560220 20.248457 55.081757 78.230431 89.442719 92.195442 82.036575 36.878178 11.401754 2.828427 52.153618 50.695168 31.400637 68.264191 99.569069 130.873978 141.428421 112.578865 120.208153 130.291977 125.801430 124.458832 112.871605 58.189346 19.849434 52.801514 39.824615 23.194826 65.604881 406.263458 370.850372 45.541191 58.821766 47.434166 55.731499 68.963760 27.892651 209.246262 417.784637 466.154480 315.087280 117.379723 22.000000 5.099020 11.313708 10.770329 8.246211 5.830952 11.661903 12.727922 8.944272 9.486833 9.055386 10.198039 112.800713 498.176666 499.679901 46.690472 457.919220 350.042847 37.947330 14.422205 20.248457 49.396355 77.175125 90.376991 78.447433 47.518417 16.124516 19.026299 68.731361 103.092194 90.000000 70.936592 38.288380 15.231546 30.000000 20.591261 7.071068 11.313708 27.856777 43.566040 50.000000 53.084839 37.121422 5.099020 26.076809 11.661903
38.600517 28.319605 20.248457 22.360680 27.892651 33.970577 105.004761 117.277451 65.741920 38.209946 27.856777 55.172459 71.610054 70.611610 61.660358 39.395432 23.537205 16.124516 26.907248 18.384777 52.952808 37.121422 38.209946 66.708321 102.615791 133.454117 127.059044 100.169853 116.841774 130.973282 128.701202 143.401535 146.860474 99.729637 19.798990 28.635643 31.144823 18.601076 26.076809 333.541595 415.954315 67.675697 72.498276 41.231056 41.109608 52.952808 74.000000 63.953106 65.069191 294.984741 472.671143 424.304138 202.943344 36.878178 5.656854 4.472136 4.472136 8.602325 7.071068 4.242640 8.246211 11.401754 16.970562 32.649654 288.530762 553.073242 272.594940 56.920998 390.397247 406.841492 60.530983 5.830952 8.000000 27.856777 62.641838 85.381500 85.440041 80.000000 73.756355 72.277245 82.328613 94.148819 61.465439 69.123077 101.123688 111.364265 93.744331 58.309521 22.671568 13.038404 23.021729 37.336308 46.690472 55.443665 37.336308 2.828427 20.099751 15.811388
48.083260 36.769554 20.000000 19.798990 25.612497 26.076809 76.419891 103.392456 56.462376 45.188496 50.990196 66.483078 61.073727 22.360680 11.045361 16.492422 24.331051 29.154760 31.906113 25.806976 54.332310 21.400934 38.183765 51.865211 99.126183 147.410995 143.136292 114.978256 101.400200 125.936493 152.052628 187.877625 205.060974 154.434448 55.009090 11.045361 24.331051 16.492422 7.071068 246.000000 426.645050 125.195847 89.050545 49.396355 50.635956 55.009090 60.415230 68.949257 84.534019 34.409302 169.994110 400.284912 395.790344 241.018677 90.520714 9.055386 3.162278 7.071068 2.828427 5.099020 8.602325 18.439089 22.803509 120.615089 457.578400 442.000000 67.082039 34.176014 308.868896 443.731903 118.600166 15.231546 5.656854 19.646883 54.918121 69.570107 63.655323 75.153175 72.111023 32.649654 36.715118 100.239716 124.338249 134.134262 136.066162 129.003876 127.200630 123.004066 96.041656 55.803226 33.970577 40.496914 53.141319 57.008770 41.231056 14.142136 15.033297 15.033297
50.990196 46.043457 26.076809 15.231546 24.041630 21.260292 51.244511 89.050545 54.203320 25.961510 28.460499 48.373547 33.526108 16.552946 28.844410 21.023796 26.683329 36.055511 23.194826 41.303753 42.190044 17.088007 36.796738 54.644306 97.406364 142.688477 149.164337 101.980392 34.176014 38.000000 105.650368 176.119278 246.868393 233.585098 109.836243 30.000000 24.041630 13.416408 4.242640 165.559662 409.558289 175.328262 97.989792 53.235325 54.129475 54.147945 56.089214 58.189346 64.140472 90.609047 83.522453 201.062180 199.484329 328.709595 342.032166 159.154007 24.041630 5.099020 4.472136 7.071068 11.045361 16.492422 36.055511 280.941284 500.215942 231.192566 27.856777 33.286633 216.120331 456.950775 202.074249 14.142136 6.324555 17.029387 44.721359 56.920998 38.418747 36.249138 63.906181 86.313385 79.246452 78.549347 64.513565 49.091751 40.521599 38.000000 63.245552 105.603027 136.000000 127.318497 81.055534 51.400391 60.745369 56.920998 40.816662 28.425341 15.231546 18.439089
54.037025 55.569775 38.470768 9.899495 26.076809 20.099751 27.313000 70.936592 83.486526 42.520584 11.313708 38.470768 17.029387 24.738634 27.202942 21.260292 28.844410 17.720045 41.109608 58.309521 17.029387 23.323807 50.000000 76.576759 76.537575 97.324203 137.010956 141.823837 124.555206 84.958817 20.880613 68.000000 168.077362 235.847412 160.654907 66.407829 41.109608 31.400637 29.017237 107.228729 373.737885 199.849945 94.540993 50.990196 44.922153 44.181442 47.518417 55.027267 62.128899 79.511009 103.711136 201.603577 80.399002 88.056801 336.238007 396.840027 200.942780 34.058773 4.000000 5.099020 13.038404 13.416408 131.946960 443.308014 384.837616 55.027267 24.000000 39.849716 123.693169 442.831787 288.735168 15.811388 11.313708 11.401754 31.016125 51.478149 44.384682 79.711983 123.223373 83.868942 21.954498 41.761227 31.906113 14.000000 13.038404 10.770329 24.166092 55.226807 102.693718 143.533966 131.209763 74.242844 60.083275 55.946404 45.607018 45.188496 35.693138 35.805027
52.839378 58.872746 44.944408 8.944272 20.396078 21.633308 19.697716 39.446167 77.781746 80.610176 34.785053 22.000000 21.023796 21.400934 18.439089 24.083189 31.016125 54.589375 70.710678 38.418747 9.055386 37.336308 77.897369 72.622307 25.059929 53.758720 106.508217 136.191040 149.036911 139.628082 118.608597 124.482933 111.830231 147.512711 168.362701 99.045441 54.918121 48.041649 48.000000 73.824112 328.152405 201.613495 92.574295 56.586216 45.541191 45.276924 47.095646 50.596443 59.548298 72.124893 135.092560 173.528091 83.868942 141.873184 44.407207 322.270081 416.019226 190.688232 16.124516 6.324555 9.486833 46.324940 320.764709 474.046417 184.271545 18.439089 22.627417 37.121422 41.593269 401.322815 364.123596 35.805027 11.401754 3.162278 15.620500 42.190044 77.058418 134.714508 109.123779 12.727922 46.518814 47.413078 26.076809 8.602325 21.023796 21.023796 27.784887 38.183765 50.635956 110.751976 157.003189 113.216606 60.415230 52.325901 49.739319 45.188496 40.249222 50.119858
49.477268 59.228371 45.607018 16.552946 8.485281 21.260292 15.811388 12.649111 35.468296 63.655323 72.235725 58.137768 46.173584 52.000000 68.029404 82.389320 87.051712 75.286118 46.647614 11.045361 17.262676 60.083275 89.888817 38.470768 7.071068 21.023796 55.659679 95.801880 132.943604 133.454117 119.707977 89.442719 36.359318 63.007935 146.492325 132.943604 73.539108 54.000000 52.000000 59.413803 281.215210 184.439697 90.077744 56.639210 40.496914 35.355339 34.058773 37.576588 54.644306 52.801514 154.434448 109.251999 81.154175 107.116760 105.650368 55.081757 369.432007 378.219513 93.059120 14.422205 15.811388 193.597519 461.943726 317.077271 28.284271 34.525352 29.732138 36.359318 31.622776 332.520691 425.292847 80.622574 6.324555 11.401754 16.000000 41.761227 124.458832 148.431808 53.009434 42.190044 50.990196 32.649654 14.142136 9.486833 28.635643 27.313000 26.832815 40.521599 23.323807 75.802376 153.707520 141.209061 60.083275 32.649654 31.304953 22.803509 35.468296 67.955872
51.088158 56.035702 43.289722 21.587032 4.472136 11.401754 15.297058 17.720045 15.033297 20.248457 47.074409 73.061615 88.204308 92.347168 90.088844 82.389320 66.708321 42.190044 24.000000 20.248457 31.400637 80.411446 71.847061 15.811388 13.038404 15.811388 6.324555 43.863426 84.118965 79.397736 49.819675 30.594116 42.449970 67.186310 132.400909 180.759506 174.642487 161.375336 134.350296 93.648277 233.002151 152.118378 87.931793 47.010635 20.591261 17.720045 19.026299 25.495098 51.264023 51.478149 145.835526 25.059929 99.929977 91.181137 82.764725 68.117546 187.211105 434.087555 210.161850 16.552946 116.764717 393.314117 405.423248 103.788246 31.400637 28.319605 29.154760 36.138622 70.256676 248.116913 462.450012 150.864182 4.472136 26.419689 25.961510 62.817196 156.204987 121.004135 31.622776 46.324940 35.608986 25.495098 12.083046 15.033297 33.734257 31.016125 21.023796 35.014282 22.090721 47.518417 147.410995 157.003189 61.204575 27.166155 25.179358 17.029387 33.136082 73.783470
57.706154 54.129475 39.623226 18.000000 9.486833 21.400934 24.207438 21.213203 11.401754 5.830952 10.000000 15.811388 22.803509 27.313000 25.019993 25.612497 31.240999 27.459061 24.041630 25.059929 54.918121 92.195442 47.010635 13.416408 9.055386 9.055386 11.401754 43.266617 82.365044 100.657837 94.413979 85.475143 81.841309 77.252831 98.488579 153.055542 187.259186 193.494186 185.784821 151.855194 161.913559 108.295891 75.960518 40.521599 21.400934 24.041630 21.213203 27.313000 39.395432 87.920418 99.005051 52.801514 106.892471 93.059120 67.230942 48.270073 93.059120 411.946594 286.471649 104.690018 346.005768 438.600037 195.274170 5.830952 12.083046 24.738634 29.120440 38.832977 79.158073 166.138504 476.933960 234.853149 34.058773 55.317268 51.923019 91.836815 175.960220 115.316956 33.136082 24.413111 21.260292 21.213203 14.142136 24.698177 36.496574 29.832869 18.384777 28.460499 26.076809 43.081318 155.293274 159.022018 52.153618 28.071337 17.262676 20.000000 21.954498 64.513565
60.728905 51.923019 32.984844 11.045361 12.083046 21.954498 21.213203 21.400934 20.880613 24.083189 29.529646 31.400637 29.698484 22.627417 13.341664 13.416408 17.720045 17.029387 14.422205 17.204651 70.213959 98.325989 34.928497 16.000000 42.638012 93.605553 165.801086 230.932892 263.108337 250.455582 177.002823 79.120163 28.071337 35.468296 25.019993 19.849434 18.384777 26.305893 39.395432 65.192024 42.047592 93.723000 50.000000 44.384682 27.018513 20.248457 17.029387 39.012817 17.029387 104.785492 24.041630 100.647903 103.585716 86.092972 57.201397 39.623226 89.453896 387.104645 243.741669 358.898315 439.902252 244.049179 43.566040 13.038404 34.058773 38.209946 36.769554 39.446167 66.272163 90.077744 475.129456 341.695770 45.276924 71.610054 65.145988 98.994949 188.042542 139.556442 38.600517 13.341664 15.231546 16.492422 6.324555 25.059929 38.078865 36.055511 26.419689 24.166092 22.627417 46.065170 156.160172 142.126709 40.024994 33.105892 19.849434 31.400637 27.784887 67.067131
52.630791 43.104523 26.305893 10.295630 14.560220 23.537205 18.384777 18.867962 18.601076 21.213203 29.154760 35.608986 35.383614 28.425341 18.110771 7.071068 8.944272 22.135944 26.000000 22.847319 97.529480 162.603806 183.068298 248.853363 304.630920 332.243896 329.195984 286.782135 207.099014 119.641129 89.106674 110.652611 61.741398 92.649879 86.371292 83.294655 80.894997 74.726166 66.708321 50.537113 46.065170 81.055534 52.345009 41.303753 30.265491 2.828427 21.023796 42.755116 43.657761 76.941536 56.639210 114.908661 93.295227 73.061615 52.801514 38.418747 131.003815 304.345184 242.033051 429.336700 246.454865 74.202423 41.182522 50.990196 49.658836 43.908997 36.055511 34.058773 49.030602 33.615471 439.301727 439.793121 72.443085 48.764740 26.870058 58.668560 169.499268 162.542297 55.226807 14.764823 8.944272 15.033297 4.472136 17.888544 32.280025 32.984844 27.313000 24.083189 24.413111 43.081318 149.405487 128.062485 32.062439 25.059929 25.961510 36.796738 26.076809 69.641945
42.190044 33.376640 26.000000 14.212670 14.764823 23.537205 19.646883 20.248457 17.492855 15.811388 19.646883 32.526913 36.796738 31.240999 20.248457 19.026299 56.462376 129.096863 231.521057 345.913269 431.967590 452.912781 416.254730 372.711670 304.473328 210.736801 109.553642 20.880613 48.826221 72.124893 66.528191 128.015625 89.677200 52.952808 60.728905 46.043457 32.000000 20.591261 15.556349 2.828427 29.966648 20.099751 119.682915 103.043678 127.882759 58.549126 54.129475 36.359318 65.375839 39.698868 103.585716 103.855667 79.056938 58.668560 50.119858 43.931767 173.118454 226.715683 172.168518 248.467300 72.235725 53.141319 56.797886 48.332184 37.336308 28.178005 22.803509 27.202942 37.947330 29.732138 373.871643 494.841400 139.713989 38.209946 18.973665 25.495098 139.778397 181.603958 79.120163 17.492855 10.000000 17.204651 7.211102 16.000000 32.062439 30.000000 18.384777 17.029387 18.867962 58.600342 152.610611 113.507706 26.570660 7.615773 14.142136 20.000000 10.770329 62.514000
35.128338 25.179358 24.041630 14.422205 13.038404 21.587032 22.803509 21.540659 16.552946 14.764823 9.055386 23.323807 28.600698 29.698484 27.018513 106.150833 344.746277 535.695801 593.061523 553.859192 466.075104 337.866852 200.039993 97.005157 32.526913 58.600342 88.814415 89.442719 74.431175 47.010635 22.803509 86.683334 131.041977 35.355339 46.065170 37.947330 27.856777 20.000000 8.246211 17.088007 25.298222 27.784887 189.952621 195.181961 256.702148 183.896713 89.140335 60.827625 86.023254 61.188232 105.422958 80.919716 61.400326 47.707443 78.230431 96.519424 213.527512 305.080322 207.624664 306.453918 31.016125 33.615471 32.557640 27.459061 20.880613 17.088007 19.849434 27.202942 31.780497 41.785164 307.262115 519.299500 202.054443 34.234486 23.021729 7.071068 99.327744 180.953033 122.090134 38.600517 17.029387 26.907248 21.213203 25.612497 35.468296 31.622776 16.492422 18.439089 15.231546 118.152443 157.098694 78.892334 15.231546 4.242640 11.313708 11.313708 7.211102 54.147945
30.066593 21.023796 19.646883 14.212670 12.727922 22.847319 27.313000 21.954498 15.811388 14.764823 6.000000 17.888544 21.633308 24.207438 30.886890 128.062485 349.116028 322.248352 232.245560 177.792007 81.154175 18.000000 48.826221 54.037025 49.193497 69.354164 70.710678 51.478149 44.204071 30.265491 24.041630 38.052597 118.928551 99.538940 8.944272 35.383614 21.213203 11.313708 9.055386 20.000000 12.083046 44.384682 196.010208 296.435486 191.023560 288.294983 162.339157 75.802376 75.432091 60.745369 82.097504 57.982758 42.544094 69.339745 156.646103 134.617981 243.100800 424.134399 101.242287 404.022278 90.199776 25.495098 24.207438 21.260292 20.248457 23.537205 27.784887 29.732138 27.202942 45.607018 250.599289 528.085205 257.526703 34.058773 26.076809 2.828427 58.240879 142.667450 159.806137 100.767059 38.209946 24.083189 21.213203 38.078865 49.578220 44.654228 28.600698 32.249031 100.209778 160.206116 105.801704 30.886890 9.486833 7.211102 11.401754 6.324555 4.242640 48.000000
28.635643 20.880613 15.811388 16.124516 19.235384 31.240999 32.649654 25.495098 23.021729 21.954498 17.029387 21.400934 24.083189 23.706539 27.313000 74.027023 332.388336 535.210266 498.086334 279.588989 65.513359 47.518417 50.159744 33.286633 36.359318 67.186310 80.049988 61.465439 35.383614 26.076809 41.109608 47.539455 54.147945 111.400177 63.513779 20.396078 26.000000 16.000000 15.231546 15.811388 18.110771 26.907248 150.479233 360.138855 131.369705 239.507828 251.602859 179.744263 91.049438 34.000000 58.309521 43.657761 51.478149 154.207657 210.109497 89.005615 255.691223 456.344177 8.944272 433.333588 153.551300 32.984844 25.059929 26.870058 27.784887 32.280025 35.468296 32.649654 24.698177 39.293766 217.278625 528.306702 290.172363 32.249031 30.066593 8.944272 37.443291 89.888817 137.360840 144.844742 105.546196 46.690472 25.495098 31.780497 58.668560 76.941536 86.313385 125.872955 165.680420 125.602547 46.043457 15.556349 14.212670 15.033297 24.698177 24.698177 15.620500 34.176014
25.961510 21.954498 15.811388 17.262676 25.059929 33.970577 29.732138 25.495098 25.806976 20.248457 14.560220 17.204651 25.495098 30.000000 28.284271 32.984844 67.896980 187.018723 381.525879 457.724823 339.369995 134.104431 36.769554 41.109608 54.589375 87.418533 87.658424 60.745369 36.769554 43.863426 60.083275 60.133186 40.000000 49.979996 97.200821 37.443291 24.331051 25.495098 20.396078 15.811388 20.591261 18.384777 105.118980 356.679138 217.002304 106.404884 194.164871 255.221466 208.968903 87.920418 45.607018 47.010635 132.310242 244.401306 152.761246 79.120163 247.341873 444.227417 49.739319 434.018433 192.509735 31.304953 30.364452 34.669872 34.669872 33.615471 32.893768 29.732138 23.537205 26.832815 237.023209 530.177307 278.312775 30.594116 38.078865 17.029387 27.459061 53.235325 79.208588 114.908661 143.589691 132.966156 115.039124 114.280357 135.033325 163.884109 181.002762 173.666351 123.693169 58.240879 31.016125 25.495098 19.697716 15.811388 18.439089 23.323807 38.600517 34.438351
19.026299 17.088007 11.313708 10.198039 21.260292 24.698177 17.088007 17.029387 16.000000 3.162278 6.324555 6.000000 16.492422 22.360680 25.961510 57.982758 75.802376 68.876701 88.204308 211.291275 345.858337 347.508270 204.592270 51.244511 83.198555 93.037628 67.675697 53.009434 50.990196 57.428215 46.238514 32.062439 34.000000 17.204651 57.201397 80.622574 28.635643 26.000000 28.000000 19.697716 27.202942 25.806976 63.007935 336.154724 272.547241 28.635643 84.403793 162.634567 235.053192 204.787689 96.767761 97.744568 263.491943 234.865921 56.885849 99.045441 225.179932 426.919189 84.011902 427.197845 228.078934 31.780497 32.893768 35.355339 34.669872 29.966648 25.298222 19.646883 14.000000 13.038404 329.256744 520.499756 207.171432 32.557640 41.109608 12.165525 19.026299 32.310989 39.698868 58.137768 95.078911 133.820770 157.003189 161.523987 157.257751 153.081680 144.013885 111.004501 65.620117 40.521599 33.376640 25.495098 9.899495 13.341664 30.364452 52.630791 75.073296 51.244511
18.867962 13.038404 6.324555 5.099020 19.235384 17.262676 8.246211 15.556349 23.021729 21.213203 16.124516 10.198039 14.764823 12.165525 24.083189 64.404968 59.464275 55.226807 77.006493 80.659782 71.470276 209.021530 331.837311 270.647369 96.881371 84.852814 68.949257 62.289646 52.402290 42.449970 22.135944 17.888544 20.000000 32.649654 5.656854 55.317268 71.344238 34.058773 29.732138 26.570660 28.635643 15.811388 25.059929 306.623535 317.921387 13.038404 51.478149 66.287254 121.696342 186.638687 180.277557 206.465500 336.214203 134.238586 100.895988 97.046379 202.247375 405.600800 135.793961 415.270996 277.016235 32.310989 29.732138 30.528675 31.622776 31.304953 27.166155 17.088007 15.811388 157.206863 468.745148 428.882263 105.621971 37.947330 43.174065 17.088007 14.000000 19.646883 17.492855 27.856777 38.209946 57.706154 74.966660 77.524193 65.069191 51.419842 41.785164 41.400482 44.204071 40.718548 30.528675 27.018513 34.058773 38.910152 47.010635 55.443665 66.573265 37.013512
22.803509 12.649111 4.000000 8.246211 17.029387 13.416408 12.165525 19.026299 29.427877 36.055511 37.121422 32.249031 22.803509 11.401754 36.055511 62.128899 46.840153 57.428215 85.146935 80.448738 60.827625 36.496574 136.821045 299.786591 248.555832 49.497475 88.645363 61.008198 33.105892 26.832815 13.416408 18.384777 22.360680 29.732138 34.205261 12.649111 53.851646 76.157730 64.327286 63.134777 83.725746 105.990562 106.301460 241.234329 329.183838 55.081757 52.801514 43.566040 50.931328 97.621719 166.571304 271.400085 263.001892 75.073296 131.855988 96.519424 180.227631 374.488983 193.829819 386.020721 325.013855 22.847319 25.298222 31.622776 36.055511 27.856777 14.212670 12.083046 113.207771 398.208496 490.819733 234.136719 44.944408 40.792156 38.470768 18.000000 9.055386 15.231546 11.045361 19.026299 24.331051 31.240999 31.400637 23.194826 22.803509 24.207438 29.732138 34.205261 31.144823 32.249031 39.623226 42.544094 31.622776 25.298222 22.847319 32.984844 52.611786 26.570660
15.231546 5.830952 6.000000 10.198039 10.198039 11.401754 18.110771 24.041630 30.265491 35.014282 36.221542 37.656342 34.234486 25.961510 45.188496 70.213959 61.008198 74.040527 92.574295 70.724815 52.325901 94.021271 70.228203 87.281158 224.539536 127.475487 65.741920 102.956299 49.091751 32.802441 21.587032 15.811388 26.419689 59.665737 110.453613 159.699722 202.237488 251.097595 286.251648 300.166626 307.519104 311.126984 313.576141 271.035065 263.503326 76.157730 49.193497 44.944408 34.669872 41.617306 102.156746 200.529297 113.991226 91.268837 130.245926 95.351982 157.289536 339.284546 255.738144 341.177368 367.306396 15.297058 30.463093 29.529646 4.472136 68.876701 71.344238 47.853943 329.969696 520.311462 282.991180 59.682495 38.209946 44.384682 31.048349 10.198039 7.211102 8.000000 4.242640 5.830952 11.313708 26.076809 27.018513 19.026299 25.495098 42.379242 82.097504 65.007690 14.560220 50.159744 49.477268 24.331051 30.232433 34.176014 27.018513 37.947330 50.695168 27.892651
12.806249 9.055386 6.324555 7.615773 8.944272 13.928389 18.973665 22.360680 22.847319 22.090721 21.587032 21.587032 24.041630 26.419689 47.853943 78.102493 73.348480 85.475143 98.000000 59.665737 35.805027 91.923882 95.801880 128.825470 189.446564 125.634392 13.038404 107.870293 82.377182 22.803509 67.230942 111.328346 125.283676 126.625435 149.459030 197.002533 263.685425 326.744537 347.519775 323.447052 273.649414 223.758804 207.407806 177.476761 113.225441 60.827625 31.622776 36.000000 27.313000 26.076809 88.769363 134.647690 35.014282 95.257545 118.000000 85.988373 138.101410 332.150574 260.622345 349.090240 387.659637 81.584312 73.171036 39.824615 74.686012 93.605553 71.063354 178.392822 538.414368 383.400574 63.780876 26.000000 46.043457 41.109608 24.166092 16.124516 17.029387 12.000000 8.246211 10.770329 26.832815 32.526913 14.142136 133.775925 300.466309 471.189972 457.009857 298.026855 78.243210 69.641945 34.176014 13.038404 27.459061 40.024994 39.217342 39.217342 40.199501 33.376640
30.000000 16.552946 5.830952 8.246211 11.045361 17.204651 20.591261 19.697716 14.764823 10.198039 12.649111 13.928389 14.560220 22.360680 49.396355 83.486526 79.056938 90.520714 108.683022 76.118332 19.697716 77.665955 103.324730 143.450333 168.386459 76.537575 29.154760 81.215759 74.846512 66.287254 83.486526 52.801514 11.401754 64.327286 153.792068 255.820251 310.473846 244.695724 94.921021 67.186310 59.464275 21.540659 13.038404 25.298222 24.083189 54.589375 49.477268 21.954498 16.492422 43.382023 76.026314 108.295891 25.298222 92.347168 105.004761 71.805290 123.967735 299.633118 356.073029 509.048126 341.180298 95.005264 60.033325 75.006668 109.635757 23.021729 46.324940 449.802185 503.001007 140.121368 13.038404 28.284271 46.690472 36.769554 25.495098 15.811388 7.071068 10.295630 10.198039 21.400934 115.247559 275.278046 451.515228 590.714844 656.598816 551.071655 357.798828 392.045929 59.665737 73.375748 25.455845 26.907248 41.231056 48.826221 39.115215 25.495098 29.732138 40.718548
47.201694 28.319605 18.439089 15.033297 15.033297 21.400934 24.413111 19.235384 11.045361 3.162278 2.000000 4.242640 10.198039 19.026299 45.276924 87.658424 89.050545 94.254974 115.412308 96.000000 57.982758 67.067131 87.692642 104.661362 117.200684 38.470768 80.411446 66.753281 32.062439 15.033297 82.024384 144.222046 162.443832 159.260788 174.287125 242.095016 374.862640 492.020325 394.628937 138.600143 24.083189 36.496574 36.769554 33.015148 17.888544 19.849434 26.832815 20.099751 38.209946 54.918121 58.137768 76.419891 23.323807 79.056938 91.411156 66.483078 91.214035 253.211380 411.691620 352.465607 122.196564 38.052597 83.186539 131.369705 65.299309 15.033297 294.268585 477.193878 190.625290 76.000000 47.853943 35.777088 41.231056 36.796738 32.249031 42.190044 94.371605 179.644089 293.001709 429.790649 556.593201 621.844055 603.160034 505.351349 302.552460 192.924850 583.561462 376.651031 40.000000 65.787537 24.041630 32.649654 44.407207 47.434166 22.627417 7.071068 28.178005 52.402290
52.839378 31.144823 20.591261 12.649111 13.928389 24.083189 24.207438 16.124516 14.142136 9.055386 7.211102 5.656854 13.416408 16.552946 31.400637 77.420929 104.009613 115.316956 131.529465 116.017242 78.447433 50.000000 63.007935 69.814041 87.281158 16.552946 106.470650 79.158073 23.021729 17.262676 39.849716 46.000000 58.258045 77.884529 61.983868 34.928497 41.231056 295.465729 380.089478 169.026627 92.703827 41.400482 36.687874 15.556349 7.071068 13.928389 46.840153 74.953316 73.348480 50.990196 36.796738 49.030602 19.026299 57.008770 89.286057 59.363289 83.486526 126.269554 73.783470 15.811388 64.202805 87.005745 136.014709 127.200630 68.308128 211.603409 385.040253 204.626495 187.808411 219.513092 253.239014 352.363434 416.581329 433.333588 451.027710 486.729919 542.027649 585.773010 600.508118 571.190002 471.444580 314.381927 162.388428 48.020828 226.384628 596.593689 499.607849 97.672920 85.615417 56.920998 22.671568 34.000000 40.718548 31.048349 6.000000 20.248457 26.000000 47.201694
53.665630 33.015148 20.248457 10.000000 14.142136 25.806976 21.400934 14.764823 18.384777 17.029387 6.324555 11.045361 23.409399 18.439089 21.023796 50.990196 96.798759 137.083923 152.610611 131.468628 98.152939 60.827625 31.016125 34.205261 53.084839 38.600517 115.316956 64.327286 34.234486 80.411446 125.323578 165.746796 164.754364 97.652443 45.453274 62.289646 31.906113 292.171173 301.014954 245.051010 413.755981 356.707153 135.830780 4.472136 1.414214 10.295630 102.615791 133.206604 79.762146 25.495098 20.396078 41.976185 28.844410 50.695168 81.584312 57.428215 93.744331 43.011627 24.413111 58.412327 78.243210 121.400162 160.424438 132.007568 213.002350 375.832397 267.226501 55.226807 17.720045 104.201729 361.566040 502.802155 534.183472 533.075989 535.045776 522.210693 473.305389 386.846222 276.134033 151.822266 46.324940 9.486833 12.083046 145.725769 515.212585 558.014343 187.018723 34.234486 77.162170 53.009434 18.439089 30.265491 29.427877 24.413111 27.459061 26.419689 18.110771 36.769554
50.596443 37.947330 21.540659 10.770329 18.384777 30.528675 21.633308 19.798990 24.041630 19.646883 8.602325 16.124516 28.460499 18.601076 13.928389 28.600698 70.682388 131.308792 165.462982 149.693024 119.406868 91.400215 54.129475 40.816662 46.043457 73.756355 82.292160 21.633308 59.363289 69.065186 65.802734 98.061203 180.753983 246.981781 199.804901 63.513779 57.775429 267.372406 377.520874 404.467560 332.006012 394.532623 373.620117 141.421356 8.602325 37.443291 136.359818 201.101959 21.023796 44.271889 13.038404 51.478149 40.496914 54.037025 49.578220 79.309517 55.081757 27.892651 53.665630 74.404305 108.074051 171.026306 202.311646 234.917007 337.028198 297.257477 114.236595 102.615791 101.980392 301.264008 409.441071 211.740402 120.033325 107.786827 92.021736 64.327286 27.018513 14.212670 18.973665 20.000000 11.401754 8.246211 62.289646 392.759460 581.518677 270.148102 3.162278 27.166155 67.186310 61.351448 26.419689 27.784887 28.425341 26.683329 24.083189 20.248457 13.341664 34.785053
48.166378 39.319206 20.880613 8.000000 20.000000 27.313000 13.038404 17.492855 27.784887 24.207438 13.416408 14.422205 25.179358 16.000000 2.828427 18.973665 48.703182 103.247276 152.970581 161.987656 143.401535 148.141830 132.423569 86.313385 28.425341 48.270073 31.240999 48.104053 58.412327 59.464275 48.764740 39.319206 58.240879 149.372025 270.651062 284.861359 138.397980 76.026314 122.482651 257.386871 433.686523 340.543671 159.260788 250.415649 113.718948 122.711044 289.806824 487.682281 379.241333 239.282257 340.658173 363.034424 230.516815 13.038404 50.219517 46.238514 27.892651 58.821766 71.554176 90.553848 153.101273 242.421127 272.058807 289.254211 268.715454 116.180893 35.440090 34.058773 307.304413 521.601379 291.605896 37.121422 26.000000 20.000000 15.811388 10.000000 5.830952 1.414214 5.099020 11.045361 5.099020 25.495098 273.210541 522.792480 335.931549 85.146935 47.074409 2.000000 51.107731 74.094536 45.607018 27.018513 21.213203 14.142136 5.099020 4.242640 5.656854 40.521599
46.173584 36.000000 20.099751 2.828427 19.235384 19.026299 9.486833 7.071068 21.023796 23.706539 12.806249 7.615773 18.439089 17.888544 5.830952 12.165525 34.176014 76.157730 121.078484 148.822037 141.031906 138.924438 150.233154 122.147453 17.029387 29.732138 45.541191 58.872746 58.668560 49.678970 38.600517 34.234486 30.066593 32.000000 101.636604 254.169235 356.092682 441.264099 549.392395 523.849243 422.906616 410.365692 357.687012 136.952545 153.055542 135.440018 437.495148 400.244934 640.913391 632.003174 723.083679 681.703735 560.546143 131.529465 22.671568 17.088007 55.009090 81.412529 122.800652 198.312881 274.127716 311.130188 268.834534 216.379303 128.405609 24.166092 23.537205 259.615112 548.864258 387.448059 73.430237 30.886890 33.941124 32.526913 28.319605 19.235384 13.038404 10.000000 10.000000 10.000000 4.000000 180.205444 469.001068 371.809082 79.309517 113.216606 97.621719 42.941822 24.413111 71.847061 67.601776 33.526108 17.029387 14.142136 7.071068 10.000000 8.246211 49.010204
46.065170 35.777088 21.633308 10.198039 22.360680 19.235384 12.083046 1.414214 17.262676 23.021729 12.000000 3.162278 13.341664 15.811388 8.485281 5.830952 20.880613 51.478149 86.556343 120.415947 121.078484 123.490891 209.059799 118.903320 7.211102 26.419689 52.801514 59.615433 54.424259 42.544094 38.600517 35.440090 40.447498 37.121422 31.622776 96.747093 274.710754 392.759460 308.706970 138.809219 46.647614 47.518417 201.697800 270.835754 136.066162 92.282173 489.951019 295.601074 308.690796 521.323303 399.111511 477.880737 705.970276 306.894104 66.121101 82.873398 86.267029 72.801102 165.704559 315.382294 383.275360 340.147034 223.015701 124.651512 42.638012 8.944272 208.830078 539.586853 468.614990 127.781059 24.083189 27.459061 35.468296 36.878178 34.205261 27.459061 17.720045 12.083046 13.038404 8.944272 100.209778 389.165771 422.246368 110.136276 59.665737 80.709358 121.490738 91.923882 15.033297 49.091751 81.301903 64.498062 30.594116 20.591261 16.124516 12.000000 11.661903 54.918121
46.043457 39.698868 25.059929 15.811388 22.803509 24.207438 20.591261 7.211102 16.000000 24.083189 15.033297 10.770329 28.000000 53.009434 69.065186 64.280632 43.011627 22.671568 36.249138 66.483078 107.935165 246.657654 220.952484 48.020828 20.000000 44.294468 43.840622 43.011627 39.924931 41.761227 47.413078 49.396355 54.000000 52.611786 63.906181 151.380310 194.164871 123.044708 49.517673 25.495098 28.319605 37.121422 21.540659 98.234413 157.429352 162.012344 385.406281 544.474060 421.864899 288.170074 215.058136 411.533722 634.996033 315.268127 48.270073 35.355339 24.083189 41.231056 174.642487 369.242462 400.232422 282.969971 134.647690 51.923019 15.033297 159.154007 507.578552 531.360535 189.504623 21.540659 22.360680 26.832815 32.649654 35.383614 33.970577 29.732138 20.000000 14.212670 12.806249 60.000000 291.084167 414.772217 184.889160 63.007935 54.000000 53.907330 111.946419 117.643532 43.566040 16.124516 57.271286 79.259071 60.033325 31.780497 10.000000 8.944272 13.038404 58.940647
42.190044 34.669872 14.560220 12.806249 15.811388 23.021729 26.419689 14.212670 13.038404 26.683329 51.400391 97.046379 142.414886 162.788208 165.003036 163.688736 157.035034 129.553085 73.006851 45.607018 235.261551 319.953125 114.017540 5.656854 43.011627 48.846699 38.470768 33.015148 32.649654 41.182522 51.478149 60.827625 64.498062 72.691124 119.364990 192.520126 142.947540 59.816387 34.438351 33.615471 31.622776 43.931767 40.249222 35.383614 51.400391 98.812958 224.891083 418.114807 616.846802 711.825806 639.803101 615.117859 558.922180 221.815231 40.000000 52.000000 64.000000 69.180923 119.549156 297.543274 517.534546 641.311157 589.000854 378.058197 196.040817 461.815979 578.641541 260.276764 33.376640 19.235384 20.248457 21.633308 26.870058 31.144823 32.557640 31.400637 23.021729 17.204651 44.944408 242.421127 387.200195 217.830215 63.007935 69.871307 48.414875 54.405884 98.731964 113.771698 53.310413 17.262676 33.526108 55.731499 60.745369 58.309521 58.309521 60.299255 61.660358 82.036575
33.286633 24.041630 2.000000 10.295630 13.038404 22.627417 30.232433 18.384777 24.083189 79.208588 144.941360 170.176376 153.844070 126.142776 107.228729 110.290527 128.763351 146.294220 145.794373 162.308350 341.695770 221.963959 15.297058 18.110771 51.244511 46.818798 37.576588 33.615471 38.600517 43.863426 48.414875 55.317268 50.596443 84.202141 169.008881 168.344879 61.773781 15.231546 66.753281 128.724518 177.025421 161.523987 85.988373 81.400246 58.309521 21.213203 55.605755 144.837845 247.523743 386.504852 481.142395 450.504150 281.737457 85.146935 32.062439 22.000000 10.000000 2.828427 7.211102 13.341664 60.000000 236.038132 465.508331 602.398560 541.156189 567.725281 339.991180 58.137768 23.323807 21.023796 17.029387 15.811388 19.697716 22.847319 26.000000 30.364452 21.400934 37.947330 224.735397 396.146423 252.507431 27.856777 35.693138 41.617306 56.320511 69.426216 92.962357 102.489021 48.000000 12.806249 31.906113 31.780497 31.622776 43.657761 54.000000 59.413803 59.682495 66.528191
19.235384 17.492855 9.486833 0.000000 9.055386 18.439089 28.635643 20.000000 70.767227 154.311371 160.031250 98.081596 34.985710 15.556349 14.764823 5.099020 7.071068 33.015148 104.345581 247.418671 284.397614 70.710678 16.124516 37.121422 52.554733 47.539455 41.182522 40.000000 47.201694 48.166378 48.104053 49.517673 58.600342 90.785461 57.218880 180.737381 382.732269 490.734131 537.239258 573.061951 496.678986 405.216003 213.775589 59.682495 103.324730 25.019993 12.649111 24.207438 35.693138 60.827625 76.537575 51.613953 43.081318 36.715118 22.090721 24.166092 31.622776 37.121422 42.190044 47.518417 56.142673 56.320511 71.568146 249.703827 324.126526 227.622498 80.062477 48.332184 8.246211 22.671568 22.135944 17.262676 20.248457 22.847319 24.698177 24.083189 60.464867 247.523743 427.151031 305.587952 55.461697 21.023796 16.000000 47.074409 78.447433 83.006027 89.810913 92.195442 35.355339 22.360680 28.178005 11.045361 14.764823 21.213203 24.331051 20.396078 13.928389 33.734257
17.888544 14.212670 11.661903 11.313708 6.324555 17.888544 25.298222 22.671568 124.867928 149.893295 71.119621 21.633308 26.076809 21.540659 15.556349 10.770329 16.124516 13.416408 124.867928 238.600082 118.802361 18.601076 15.811388 41.880783 52.801514 50.537113 46.324940 45.607018 48.600410 50.000000 50.931328 24.207438 70.342018 244.135208 424.396027 535.111206 569.218750 541.202393 498.688293 395.284698 369.529419 492.065033 244.204834 7.615773 119.816528 49.979996 14.142136 41.593269 32.557640 39.293766 44.294468 30.886890 5.656854 46.324940 114.978256 123.199028 82.219215 71.386276 81.498466 85.708809 87.692642 89.453896 95.425362 99.247169 99.327744 124.426682 182.701950 242.293213 245.153015 162.984665 65.375839 31.906113 31.240999 29.732138 45.276924 138.224457 336.725403 476.424194 344.200531 91.093361 43.174065 15.556349 32.802441 67.601776 88.566360 79.309517 86.023254 78.102493 16.000000 25.298222 17.029387 8.246211 14.000000 17.029387 16.124516 10.000000 5.656854 29.529646
17.720045 10.770329 7.071068 11.401754 16.124516 31.144823 21.400934 75.272835 146.819611 88.600227 22.803509 29.154760 25.961510 17.029387 16.124516 15.231546 19.235384 57.584721 232.723007 180.099976 23.409399 11.313708 30.000000 41.231056 50.990196 52.801514 48.020828 46.043457 46.043457 53.535034 9.055386 190.882156 389.525360 473.110992 417.403870 295.814117 186.938492 80.721741 31.048349 198.595062 550.236328 427.787323 188.042542 53.009434 116.481758 75.272835 24.083189 67.424034 77.201035 48.846699 72.801102 66.241982 48.083260 77.781746 246.130051 339.779327 316.711212 155.724121 134.536240 156.416107 175.385284 198.338089 225.743210 255.143097 281.996460 297.321381 314.992065 362.891174 429.578857 447.662811 367.491486 272.470184 244.989792 266.443237 338.895264 465.188141 500.785370 321.735931 89.286057 49.979996 44.654228 34.525352 53.814495 80.709358 79.649231 70.384659 84.202141 58.051701 6.000000 19.697716 8.000000 10.000000 9.486833 7.071068 6.324555 17.204651 25.495098 36.769554
25.806976 15.811388 7.615773 12.000000 22.360680 36.769554 17.029387 124.779808 130.728729 35.355339 16.000000 18.439089 19.798990 12.649111 13.038404 17.204651 4.472136 176.204422 270.795135 90.609047 35.355339 26.570660 41.400482 45.453274 50.000000 55.009090 49.739319 43.266617 50.774010 16.000000 199.529449 411.885895 375.257233 192.836716 58.940647 37.202152 51.244511 34.176014 41.880783 380.801788 521.775818 217.338440 155.858917 97.621719 96.104111 103.817146 218.215485 288.000000 307.210022 102.215462 17.262676 60.415230 62.241467 112.044632 397.786377 348.459473 488.200775 409.098999 264.756500 282.878052 333.241669 365.168457 377.457275 367.967377 332.099396 271.974274 204.782806 159.699722 172.052322 296.219513 437.732788 518.312622 561.287781 570.024536 532.721313 425.057648 222.036026 41.303753 39.319206 43.382023 40.224369 45.011108 65.436989 78.600258 65.192024 66.708321 73.006851 35.128338 15.231546 14.142136 2.000000 7.071068 6.324555 10.295630 19.849434 25.455845 45.343136 45.011108
32.557640 26.907248 17.262676 18.973665 25.806976 34.205261 37.363083 145.031036 112.000000 17.204651 18.384777 19.697716 22.803509 21.213203 20.396078 22.803509 90.354858 288.530762 202.192978 35.468296 28.425341 36.249138 41.231056 39.623226 42.801868 48.332184 46.818798 44.294468 42.544094 127.003937 379.897369 349.244904 123.109711 17.204651 20.880613 48.166378 43.931767 36.878178 89.498604 457.772858 423.417053 118.016945 142.863571 126.751724 57.723480 222.647705 513.421875 391.103577 513.887146 218.215485 84.534019 29.529646 28.178005 80.112419 429.534637 576.784180 190.520340 475.741516 379.612946 295.465729 249.595673 205.182846 155.293274 107.116760 63.906181 37.336308 92.358002 161.913559 168.961533 169.499268 224.570694 291.986298 312.553986 281.641602 199.002518 75.006668 17.720045 27.202942 27.313000 35.468296 33.105892 34.928497 55.317268 68.264191 69.814041 72.470680 46.065170 17.492855 13.038404 4.472136 5.099020 3.162278 11.401754 12.649111 20.591261 31.906113 65.192024 46.173584
24.413111 27.459061 28.284271 25.495098 25.806976 30.000000 55.443665 151.082764 101.044548 8.485281 16.970562 16.970562 15.811388 7.615773 11.661903 28.284271 238.403015 297.378540 86.452301 31.622776 29.427877 31.780497 28.319605 26.419689 29.832869 36.000000 46.043457 54.918121 33.286633 308.369904 401.327789 191.801987 56.302753 52.172791 58.549126 63.134777 50.695168 57.982758 146.751495 474.948425 376.897858 113.137085 121.342491 140.811935 84.958817 487.911865 635.573730 263.878754 574.562439 301.943695 105.678757 103.247276 63.953106 21.633308 238.838852 687.074951 428.018677 170.891785 279.112885 185.283569 87.692642 53.460266 45.541191 44.721359 59.665737 37.443291 119.616051 174.401840 152.800522 114.437759 53.235325 32.649654 65.391129 68.117546 48.083260 50.358715 38.470768 21.213203 22.803509 32.649654 38.600517 34.525352 48.826221 70.213959 78.549347 49.678970 5.830952 13.038404 10.295630 3.162278 4.000000 7.615773 10.000000 12.083046 25.612497 45.276924 79.624115 39.115215
12.165525 9.486833 21.023796 26.076809 26.832815 24.041630 69.354164 155.003220 92.086914 7.211102 7.615773 18.601076 24.083189 24.041630 32.249031 167.260269 339.767578 190.142059 34.176014 29.832869 43.011627 41.303753 31.048349 22.803509 17.262676 28.178005 53.141319 64.560051 150.632004 358.407593 200.009995 178.488098 249.018066 250.007996 235.614090 223.450211 210.950226 212.424103 211.376434 410.835724 359.613678 140.577377 101.597244 118.067780 301.280609 687.710693 456.228027 154.253036 530.654297 398.389252 112.898186 103.227905 99.859901 88.509888 48.166378 567.846802 616.077942 96.176918 104.403069 141.739197 140.911316 141.003540 137.615402 132.574509 130.268951 100.000000 58.137768 217.807251 156.012817 53.235325 46.238514 55.081757 57.271286 51.865211 27.313000 23.409399 65.924202 68.352028 51.865211 44.407207 50.358715 55.081757 67.675697 78.243210 57.775429 14.212670 18.973665 16.124516 14.142136 6.000000 14.142136 18.384777 23.021729 29.966648 40.224369 59.816387 83.630135 27.459061
8.944272 7.071068 10.295630 14.764823 20.591261 16.124516 69.123077 154.557434 97.529480 19.235384 15.620500 27.202942 33.941124 26.570660 89.050545 307.375977 293.001709 74.726166 38.626415 38.470768 43.081318 128.809937 221.219345 288.561951 324.006165 339.249176 343.758636 321.179077 255.644287 194.329620 213.841064 370.307983 418.688416 447.001129 466.274597 484.928864 503.223602 533.045959 512.197205 347.332703 258.089142 175.145660 92.086914 128.413391 555.022522 595.504822 180.205444 68.249542 432.622223 464.321014 178.600113 120.432556 101.044548 90.000000 63.812225 395.979797 660.231750 232.279999 42.755116 49.578220 65.924202 55.785301 39.824615 37.443291 58.309521 93.723000 86.683334 69.426216 198.398590 100.448990 28.844410 24.698177 31.780497 36.878178 41.593269 41.182522 55.226807 85.440041 90.443352 78.409180 76.000000 77.058418 71.693794 52.345009 14.000000 25.961510 26.076809 29.732138 26.419689 26.683329 29.832869 26.076809 30.000000 41.400482 48.020828 62.481998 70.682388 25.495098
1.414214 8.000000 12.165525 14.000000 11.401754 7.071068 49.658836 146.102707 121.433105 39.924931 22.360680 25.961510 27.784887 41.109608 238.805359 371.203461 140.662720 73.389374 114.017540 217.006912 347.453583 425.680634 453.171051 463.812469 470.208466 474.037964 493.244354 492.229614 292.277252 65.115280 197.994949 163.517578 129.243958 140.071411 167.242340 207.021744 247.244812 280.503113 287.391724 212.249847 110.462662 201.121857 62.625874 373.207703 625.156006 315.601013 43.908997 41.976185 308.133087 476.447266 288.475311 189.156021 146.819611 106.667709 86.452301 203.179718 601.694275 453.689331 145.499146 30.232433 6.324555 23.706539 37.202152 42.190044 48.270073 57.008770 92.195442 110.941429 209.504181 282.577423 98.600204 20.099751 9.055386 40.049969 58.463665 52.497620 34.669872 36.221542 60.415230 63.150612 59.008472 51.088158 34.525352 11.661903 15.811388 27.018513 28.284271 36.359318 35.440090 36.878178 30.066593 19.697716 21.954498 41.231056 38.288380 42.941822 45.011108 44.384682
6.000000 2.000000 11.661903 17.492855 16.552946 8.246211 21.954498 114.061386 152.118378 82.097504 36.769554 41.109608 15.297058 91.923882 305.764618 179.471451 220.045456 312.774689 337.120148 391.308075 392.703461 299.386047 204.083313 149.264862 129.869171 131.003815 156.320190 252.400482 344.488037 218.673279 120.540451 80.224686 53.851646 43.011627 37.202152 33.105892 31.780497 44.181442 12.806249 160.461838 24.083189 204.088211 164.657227 583.439819 454.209198 87.783829 15.620500 39.115215 185.585556 348.519714 282.336670 280.944824 242.260193 175.601822 125.602547 33.615471 354.798523 594.557007 570.348999 408.129883 311.001617 335.514526 385.003906 430.488098 469.250458 491.863800 492.050812 458.903046 429.513672 497.041260 382.154419 70.213959 33.136082 53.535034 64.078079 47.539455 30.364452 5.099020 14.142136 12.806249 10.295630 11.401754 11.401754 11.045361 24.698177 30.528675 21.023796 28.600698 27.459061 26.305893 18.867962 17.204651 20.591261 42.755116 32.557640 25.019993 28.635643 53.310413
16.492422 18.110771 20.248457 24.041630 25.298222 11.045361 6.324555 57.201397 143.282944 150.332962 88.566360 47.095646 9.486833 108.166542 257.856537 323.125366 381.418396 311.245880 270.495850 236.038132 144.589066 49.578220 35.014282 34.928497 16.124516 7.211102 15.033297 213.114990 420.685150 235.031906 82.024384 68.731361 49.819675 38.052597 36.221542 36.878178 37.947330 46.173584 28.844410 156.204987 26.832815 150.572235 387.324158 581.021484 200.419556 9.486833 22.360680 27.459061 343.359863 336.359924 44.204071 225.002228 303.453461 274.870880 211.366974 133.146530 12.165525 234.350159 482.329773 602.894714 612.029419 610.260620 596.129150 572.055969 531.627686 479.510162 419.010742 339.025085 261.155121 369.899994 561.741943 351.391510 65.253349 55.172459 57.306194 41.593269 17.888544 5.830952 11.313708 10.000000 5.656854 6.324555 19.697716 29.732138 38.183765 33.970577 16.124516 21.954498 25.019993 20.880613 21.633308 30.594116 36.769554 40.224369 34.438351 17.492855 11.401754 48.662102
41.303753 39.012817 39.319206 44.721359 49.517673 31.112698 5.830952 13.928389 73.756355 160.031250 171.592545 103.227905 60.530983 96.602280 183.847763 222.445496 187.536667 157.543640 157.543640 123.458496 65.741920 38.470768 35.608986 33.615471 17.029387 11.661903 23.323807 226.221130 435.001160 220.036362 64.498062 67.186310 57.723480 47.265209 41.109608 40.792156 41.761227 46.173584 39.115215 145.773804 52.839378 104.737770 521.046997 406.853790 41.880783 8.000000 14.560220 218.215485 615.657349 370.666962 388.414734 138.246155 280.834473 287.141083 287.628235 244.073761 177.673859 125.936493 32.310989 194.180328 260.007690 235.669266 176.504959 120.415947 68.658577 28.635643 3.162278 19.798990 26.907248 93.648277 386.038849 565.798523 370.548248 120.066650 44.384682 25.019993 14.142136 21.540659 16.124516 8.944272 3.162278 15.811388 42.801868 49.819675 44.944408 28.635643 16.124516 11.661903 13.341664 24.331051 40.000000 53.460266 55.443665 47.539455 35.608986 15.811388 6.000000 43.289722
15.033297 12.000000 16.000000 32.280025 58.668560 65.436989 36.796738 13.038404 9.899495 83.006027 160.031250 176.782349 169.434357 164.195007 161.152100 156.416107 159.480408 155.756226 117.183617 70.213959 45.891174 41.012192 36.687874 31.400637 20.591261 13.341664 25.495098 232.215424 447.010071 213.002350 50.990196 65.253349 64.031242 56.089214 47.265209 44.000000 45.276924 44.721359 43.174065 118.600166 107.116760 270.968628 496.729309 208.556946 12.165525 20.880613 126.372467 515.908936 607.158936 194.617569 586.837280 250.319794 269.016724 274.612457 276.441681 280.959076 260.111511 239.340759 170.891785 46.861500 20.000000 20.000000 17.720045 15.297058 14.764823 14.212670 14.422205 17.720045 19.235384 16.124516 110.887329 384.793457 574.421448 465.800385 221.503952 60.827625 24.698177 25.495098 18.384777 9.486833 10.770329 39.824615 63.890530 50.219517 30.463093 15.033297 15.811388 10.000000 17.029387 27.313000 35.440090 40.496914 44.721359 47.853943 37.336308 25.179358 26.000000 50.000000
32.557640 34.058773 27.856777 15.811388 9.899495 49.678970 59.548298 35.608986 8.944272 27.856777 62.289646 107.004669 145.581589 165.003036 169.002960 152.052628 117.277451 76.157730 43.382023 28.635643 22.803509 26.305893 30.594116 29.154760 20.396078 14.142136 25.495098 218.673279 454.136536 227.727905 43.657761 63.890530 67.720009 62.096699 54.129475 49.254440 49.010204 43.011627 43.104523 78.102493 207.870148 420.630493 375.494354 84.534019 19.798990 106.667709 452.110596 616.262939 327.551514 123.174675 607.587036 448.325775 116.361504 255.248901 288.170074 278.064728 256.019531 292.564514 297.355011 132.612213 20.099751 15.297058 13.341664 12.165525 13.416408 14.422205 14.212670 18.867962 17.888544 14.560220 14.142136 89.274857 321.720367 552.762146 570.094727 379.415344 154.304886 36.359318 15.811388 18.439089 29.529646 59.816387 65.604881 34.000000 13.416408 10.198039 10.198039 7.071068 18.601076 15.231546 14.560220 23.706539 25.612497 33.105892 44.181442 56.035702 62.289646 74.027023
30.463093 29.427877 31.906113 31.780497 32.557640 18.867962 40.521599 50.695168 22.360680 21.213203 23.706539 29.427877 38.209946 43.566040 43.104523 41.761227 32.557640 19.026299 12.806249 7.071068 5.099020 11.401754 15.556349 20.591261 18.110771 15.811388 21.954498 174.195297 454.578918 274.710754 40.718548 61.983868 68.963760 66.483078 60.415230 54.589375 50.358715 42.426407 41.593269 35.468296 313.269867 498.561920 256.144501 35.468296 116.387283 452.656616 613.848511 364.551788 79.624115 38.078865 447.414795 641.722656 356.485626 22.803509 200.249847 277.521179 256.550201 277.913666 377.242615 286.810028 82.680107 32.249031 28.071337 22.000000 19.646883 19.697716 18.384777 18.384777 14.422205 10.770329 11.045361 8.246211 48.270073 208.086517 448.758301 589.903381 524.581726 316.840668 124.257797 35.440090 46.861500 69.426216 56.639210 23.021729 25.298222 20.880613 14.764823 14.560220 20.248457 21.400934 24.041630 31.400637 29.154760 36.769554 46.065170 58.855755 71.021126 89.498604
11.401754 0.000000 17.492855 29.427877 37.121422 37.363083 24.207438 55.081757 37.656342 20.248457 25.298222 19.646883 12.083046 9.899495 8.246211 17.204651 21.633308 17.204651 4.000000 2.828427 8.246211 17.888544 24.413111 23.021729 19.646883 18.384777 16.970562 121.753853 445.533386 325.112274 39.217342 57.008770 67.720009 69.641945 65.969688 58.463665 52.172791 44.721359 40.447498 9.486833 378.047607 549.315918 169.852875 161.523987 474.788361 601.774048 354.978882 84.059502 22.847319 15.297058 178.392822 499.433685 656.843994 523.759460 199.904984 109.251999 192.769287 280.264160 436.616547 472.823425 244.658951 68.308128 46.690472 40.447498 32.000000 25.495098 20.396078 15.231546 11.313708 8.602325 5.099020 8.944272 8.944272 10.295630 83.737686 267.917908 487.124207 583.618042 498.738403 307.538605 123.967735 58.258045 34.058773 14.764823 34.058773 32.280025 24.413111 29.017237 31.016125 30.528675 38.052597 44.944408 49.819675 55.443665 49.396355 43.382023 47.010635 78.549347
12.806249 12.083046 7.071068 12.165525 15.033297 22.360680 22.000000 48.083260 48.270073 15.033297 17.029387 4.472136 5.656854 9.899495 9.055386 12.649111 18.439089 20.000000 11.313708 7.615773 18.601076 27.018513 31.240999 20.248457 15.231546 17.088007 17.088007 88.600227 434.036865 362.505157 44.271889 50.000000 66.483078 71.063354 68.658577 60.415230 52.630791 48.083260 43.011627 27.166155 390.184570 555.301697 170.557907 509.136536 556.215759 306.887604 67.601776 21.023796 23.537205 23.409399 8.246211 106.826965 357.561188 602.655762 610.162292 358.050262 114.017540 165.148422 353.160034 553.759888 523.453918 259.880737 94.339813 63.953106 55.317268 38.470768 26.076809 18.110771 10.198039 5.656854 1.414214 4.472136 10.000000 9.899495 2.828427 14.212670 115.108643 317.089905 513.408203 584.947876 488.968292 285.240234 102.927162 41.593269 44.204071 40.224369 29.698484 21.023796 24.413111 40.199501 51.244511 60.083275 67.955872 61.073727 44.944408 34.438351 25.612497 80.224686
13.928389 16.124516 6.324555 4.242640 4.242640 2.828427 12.649111 45.188496 49.979996 16.124516 25.495098 14.422205 8.602325 8.602325 5.830952 8.000000 15.556349 21.633308 15.811388 13.341664 20.248457 29.966648 27.459061 12.083046 10.295630 12.165525 11.045361 75.325958 411.536133 380.433960 60.728905 41.231056 64.761101 72.567207 68.658577 62.096699 52.497620 47.539455 46.518814 44.922153 338.614838 478.004181 364.002747 488.986694 230.841934 51.244511 24.083189 26.570660 23.409399 21.023796 18.601076 17.888544 26.000000 198.040405 456.530396 545.793030 462.622955 222.409531 113.534134 320.000000 561.400024 561.129211 348.941254 158.776566 72.401657 40.224369 21.633308 12.727922 5.830952 3.162278 8.246211 12.000000 17.262676 23.537205 29.154760 33.015148 30.594116 40.521599 133.843185 304.236755 463.810303 506.708984 400.202454 196.086716 50.635956 31.400637 26.076809 11.401754 28.635643 45.099888 61.073727 74.525162 72.111023 47.707443 30.463093 25.495098 10.000000 94.191292
19.026299 12.000000 3.162278 2.828427 3.162278 4.472136 20.248457 50.990196 47.010635 22.803509 32.249031 31.906113 14.560220 4.242640 4.000000 3.162278 8.602325 18.867962 14.212670 11.401754 24.207438 32.249031 19.235384 3.162278 4.242640 3.162278 16.970562 74.215904 360.671600 388.061859 99.327744 32.984844 61.611687 73.006851 67.720009 63.245552 53.310413 46.324940 50.219517 56.850681 252.958496 287.137604 223.486023 233.452347 75.643906 41.231056 30.528675 30.463093 24.698177 19.235384 17.029387 12.649111 16.124516 20.880613 66.603302 341.695770 612.922485 316.000000 24.166092 56.850681 232.658554 465.948486 565.335327 500.129974 384.666077 277.769684 191.901016 138.852432 114.856430 107.116760 108.018517 114.017540 125.195847 144.678955 180.471603 230.360580 281.939697 332.866333 382.753174 409.585144 369.670135 278.064728 305.080322 249.339127 64.124878 21.587032 22.360680 7.211102 32.557640 51.419842 67.911705 79.246452 67.601776 40.447498 16.552946 5.830952 15.297058 105.801704
21.260292 21.260292 11.401754 7.211102 8.246211 10.000000 31.780497 57.008770 38.078865 13.416408 16.124516 28.319605 25.612497 11.661903 0.000000 7.071068 10.770329 10.295630 7.615773 22.360680 34.058773 26.870058 9.899495 1.414214 4.472136 18.439089 36.796738 47.853943 286.331970 409.499695 157.708588 22.803509 57.008770 70.880180 67.067131 63.560993 54.644306 49.497475 71.175842 213.845734 379.011871 240.337265 199.904984 170.763000 88.192970 52.478565 36.715118 33.615471 26.832815 20.000000 17.029387 10.295630 9.486833 17.204651 28.284271 364.856140 677.058350 279.159454 30.265491 12.165525 34.176014 126.150703 307.766144 472.495514 557.137329 583.679688 581.544495 567.297119 555.476379 552.032593 552.000000 550.014526 546.131836 545.668396 553.355225 562.793030 562.801941 552.675293 536.419617 519.924988 512.064453 491.202606 381.473450 188.520554 42.449970 25.298222 19.849434 29.966648 56.568542 72.346390 73.239334 72.235725 58.051701 35.014282 15.620500 25.495098 37.202152 110.860275
11.401754 22.847319 21.587032 10.198039 8.944272 7.615773 38.832977 59.665737 22.847319 1.414214 1.414214 12.806249 24.207438 26.419689 20.248457 14.560220 12.083046 14.000000 26.000000 34.000000 28.844410 16.124516 8.000000 5.830952 14.560220 36.055511 31.240999 10.295630 203.686035 436.323273 240.902466 17.088007 47.539455 65.787537 65.741920 63.245552 57.982758 86.579445 258.750854 421.599335 395.790344 239.436844 281.300537 194.427368 104.651802 65.863495 45.276924 37.735924 31.400637 24.041630 21.213203 14.764823 12.649111 17.029387 42.520584 480.010406 636.366272 160.031250 26.000000 13.928389 18.867962 18.384777 35.383614 95.707886 200.683838 313.789734 399.091461 444.184631 460.525787 462.069244 454.039642 439.055817 418.004791 387.104645 342.230927 288.890991 233.482330 179.226120 133.454117 102.703453 80.523285 58.309521 35.468296 21.023796 21.633308 20.396078 15.811388 52.630791 70.936592 70.724815 66.843102 56.603886 40.024994 24.166092 25.179358 43.908997 56.938564 106.451866
6.000000 18.439089 25.298222 18.439089 6.000000 7.071068 48.083260 54.129475 12.165525 1.414214 2.828427 4.242640 9.899495 17.204651 22.135944 27.166155 32.249031 34.234486 31.016125 19.235384 9.899495 5.656854 4.472136 5.830952 29.427877 42.379242 12.727922 12.165525 111.892807 430.488098 343.187988 35.355339 34.205261 58.189346 58.600342 54.918121 72.000000 249.467438 396.434113 303.713684 122.800652 123.693169 300.612701 261.047882 124.811859 76.941536 53.535034 41.400482 35.468296 28.284271 24.041630 17.888544 16.492422 14.422205 92.574295 569.527893 559.378235 65.391129 15.033297 13.038404 14.212670 20.248457 21.400934 7.211102 5.830952 3.162278 24.698177 44.407207 42.941822 34.928497 29.154760 27.202942 26.076809 22.803509 8.944272 3.162278 14.422205 15.811388 8.246211 5.830952 11.661903 15.556349 10.295630 11.661903 15.811388 6.324555 38.183765 59.816387 52.630791 44.294468 47.074409 32.000000 25.059929 23.706539 31.304953 49.578220 63.890530 102.927162
8.602325 12.649111 22.000000 20.396078 14.142136 35.355339 57.008770 37.121422 10.770329 5.099020 4.000000 2.828427 4.472136 6.324555 4.472136 9.486833 14.000000 14.142136 8.246211 3.162278 3.162278 2.828427 3.162278 8.944272 36.496574 38.052597 2.828427 14.000000 34.058773 370.135101 426.138489 91.235954 23.409399 52.630791 51.923019 43.382023 194.489075 359.213043 256.070312 67.007462 5.099020 46.690472 232.568268 337.037079 200.479431 87.235313 60.464867 47.010635 38.288380 32.557640 26.907248 17.888544 15.297058 10.000000 151.584961 614.629944 474.933685 14.212670 3.162278 10.000000 17.029387 23.409399 31.048349 37.013512 39.012817 37.576588 33.015148 55.027267 57.706154 47.010635 40.249222 40.496914 43.011627 46.238514 43.680660 36.878178 34.176014 34.785053 32.893768 25.495098 14.000000 15.620500 17.204651 17.492855 2.000000 33.970577 50.931328 48.826221 34.438351 25.179358 34.438351 37.735924 42.379242 42.755116 44.384682 58.000000 70.767227 100.498756
15.297058 15.811388 17.888544 19.646883 41.182522 59.548298 45.343136 20.000000 8.602325 2.828427 2.828427 2.828427 4.472136 7.071068 0.000000 6.000000 3.162278 1.414214 3.162278 2.000000 1.414214 1.414214 1.414214 13.341664 35.355339 29.017237 5.656854 8.246211 14.142136 270.913269 461.556061 179.621826 19.646883 48.373547 44.944408 119.473846 320.003113 262.731812 66.603302 7.615773 10.198039 13.038404 110.317726 321.400055 341.156860 159.154007 57.706154 48.600410 42.520584 36.878178 31.144823 21.023796 16.000000 13.416408 194.612442 630.607666 418.303711 14.212670 6.324555 11.401754 24.166092 25.495098 76.537575 107.563934 103.121284 112.071404 76.419891 55.081757 72.470680 68.541962 67.911705 62.032249 42.426407 22.135944 12.083046 28.284271 37.947330 36.055511 35.468296 39.217342 42.047592 41.976185 32.984844 18.973665 22.090721 46.518814 37.202152 29.966648 22.360680 14.560220 20.248457 39.012817 63.007935 74.431175 66.483078 67.424034 72.180328 89.442719
31.048349 39.293766 46.818798 57.271286 65.192024 48.414875 19.849434 7.615773 3.162278 2.000000 1.414214 3.162278 3.162278 7.615773 3.162278 5.099020 3.162278 2.828427 3.162278 3.162278 1.414214 2.000000 4.472136 17.262676 35.014282 23.021729 7.071068 2.828427 21.587032 164.012192 454.070465 279.427979 29.427877 46.173584 49.979996 262.240356 299.015045 98.994949 11.045361 14.142136 15.297058 12.165525 26.076809 172.534058 384.510071 334.332184 117.991524 36.249138 38.832977 38.418747 33.970577 23.021729 14.560220 14.422205 202.089096 633.000793 407.030701 18.384777 13.038404 21.400934 25.806976 53.084839 147.329559 162.732910 120.507263 178.101089 146.123230 48.764740 69.771057 70.384659 58.137768 111.211510 173.971268 195.800919 179.047485 115.974136 25.612497 21.260292 17.204651 24.083189 36.221542 40.447498 37.013512 26.419689 40.447498 47.010635 28.000000 21.023796 15.297058 11.401754 24.698177 55.946404 75.432091 81.498466 72.443085 62.609905 50.931328 65.115280
57.008770 59.665737 65.787537 64.621979 47.413078 22.671568 8.944272 5.656854 6.324555 4.000000 2.000000 4.242640 4.472136 7.211102 4.242640 3.162278 1.414214 2.828427 1.414214 2.000000 3.162278 2.828427 1.414214 16.124516 37.121422 25.019993 6.324555 1.414214 16.124516 76.485291 418.399323 373.451477 63.953106 29.154760 193.912354 342.800232 163.027603 23.194826 12.165525 13.341664 13.341664 13.038404 12.806249 34.438351 229.455872 426.138489 338.141968 118.810776 27.459061 28.178005 31.906113 22.803509 13.038404 12.727922 172.742584 629.539490 439.602081 10.295630 9.055386 23.323807 0.000000 109.562767 205.411789 172.800461 100.179840 220.327026 204.978043 65.391129 57.775429 71.063354 181.466248 239.207016 205.353348 179.977783 203.931366 240.740524 161.220352 30.265491 18.384777 17.492855 15.231546 13.416408 16.000000 31.622776 49.335587 48.764740 34.928497 18.973665 15.811388 33.734257 71.344238 96.747093 84.403793 71.386276 65.802734 46.389652 19.235384 52.000000
43.680660 36.055511 27.202942 17.492855 7.615773 2.000000 6.324555 8.000000 4.000000 6.324555 5.099020 5.099020 5.830952 7.615773 4.242640 3.162278 2.000000 2.828427 1.414214 3.162278 5.830952 3.162278 1.414214 11.401754 38.470768 32.062439 3.162278 3.162278 9.055386 20.248457 350.955841 447.973206 132.672531 79.511009 381.085297 308.311523 101.597244 25.806976 12.083046 12.165525 12.165525 11.401754 10.295630 10.295630 55.317268 256.007812 478.401520 423.702728 160.206116 25.179358 23.194826 21.023796 12.806249 14.212670 117.711510 606.531128 504.462097 15.033297 19.026299 21.400934 39.924931 161.554947 221.720551 144.138824 82.073135 232.107727 247.935471 110.000000 33.615471 179.627396 260.353607 157.098694 70.880180 57.706154 55.569775 169.758652 245.747833 92.314682 32.649654 34.525352 42.520584 30.232433 10.000000 22.360680 46.173584 50.695168 42.190044 31.622776 47.539455 75.643906 105.118980 95.770561 67.067131 60.083275 59.615433 49.335587 39.623226 62.801273
10.000000 7.211102 4.472136 11.313708 11.401754 7.071068 8.485281 11.661903 5.656854 1.414214 1.414214 3.162278 5.656854 8.602325 6.324555 5.099020 4.000000 4.242640 3.162278 4.000000 7.071068 3.162278 4.472136 8.602325 36.249138 42.544094 11.313708 3.162278 6.000000 22.803509 256.124969 490.373322 219.271515 264.756500 476.541718 202.148453 163.444183 75.073296 23.194826 15.297058 16.124516 17.262676 17.262676 14.560220 10.198039 59.464275 268.164124 575.543213 542.005554 219.221344 36.138622 12.165525 8.602325 10.295630 57.567352 527.594543 582.383057 117.337120 16.552946 9.055386 86.023254 191.018326 203.160034 107.517441 62.177166 216.171234 271.827148 164.103622 61.611687 268.495819 218.874390 81.596565 69.856995 73.783470 72.401657 81.841309 248.213623 170.891785 70.228203 58.000000 66.843102 55.317268 36.715118 15.811388 30.594116 44.654228 48.600410 47.010635 62.609905 81.608826 82.134033 51.865211 34.525352 41.231056 48.764740 50.159744 52.153618 68.014702
5.099020 9.486833 9.055386 10.000000 11.313708 7.615773 8.485281 11.313708 12.083046 10.198039 5.830952 3.162278 3.162278 5.830952 4.472136 4.472136 4.000000 5.656854 5.656854 5.656854 7.615773 2.828427 3.162278 6.000000 25.495098 49.091751 30.886890 2.828427 11.045361 26.076809 154.324341 495.471497 269.670166 437.028595 419.494934 113.004425 168.439896 167.242340 96.747093 34.176014 15.297058 15.033297 15.033297 14.142136 16.124516 61.983868 124.811859 277.751678 640.630920 585.486145 236.241409 36.359318 2.828427 3.162278 15.811388 388.600037 614.751953 272.836945 40.249222 27.202942 130.291977 197.408203 168.671280 78.102493 45.276924 189.214157 264.820709 190.394333 109.836243 308.551453 194.164871 99.247169 106.075447 93.723000 85.146935 65.513359 209.389587 196.086716 91.049438 64.498062 73.593475 65.299309 51.400391 29.154760 5.099020 31.780497 52.000000 52.038448 59.363289 62.289646 51.400391 32.802441 28.284271 34.928497 43.908997 40.496914 29.017237 47.434166
11.401754 10.770329 7.071068 5.830952 8.485281 9.486833 11.401754 10.000000 10.198039 12.083046 11.401754 8.602325 3.162278 3.162278 3.162278 4.472136 4.000000 9.899495 12.083046 13.341664 16.492422 18.110771 14.560220 8.485281 5.830952 38.078865 48.373547 20.248457 14.422205 17.262676 65.924202 442.630768 276.698395 482.534973 270.140717 54.405884 104.651802 175.635986 188.679626 124.867928 52.839378 18.973665 11.045361 15.231546 22.135944 55.154327 154.324341 106.976631 309.612671 603.617432 521.967407 256.444916 53.814495 4.472136 13.416408 236.660095 588.396118 409.956085 84.308952 52.801514 164.560013 182.964478 123.044708 54.203320 67.941154 161.616837 210.152328 181.466248 192.815979 305.941162 173.666351 73.552704 81.841309 71.344238 54.203320 26.419689 158.455048 153.525238 51.613953 35.608986 55.946404 49.739319 46.324940 34.205261 22.803509 27.018513 45.541191 55.081757 56.797886 51.088158 48.166378 39.115215 34.058773 36.055511 44.294468 46.669048 22.135944 42.544094
9.486833 10.770329 10.198039 2.828427 3.162278 2.828427 7.615773 7.071068 6.000000 8.602325 8.944272 7.071068 7.071068 1.414214 3.162278 9.486833 29.732138 43.081318 50.990196 60.133186 65.069191 56.089214 41.231056 29.154760 17.492855 15.033297 39.623226 45.541191 33.136082 13.038404 21.260292 300.096649 310.203156 368.781769 123.709335 16.492422 24.698177 64.404968 138.600143 177.409134 136.740631 70.327805 31.622776 25.495098 27.313000 50.537113 144.006943 130.245926 120.813904 331.581055 450.608490 479.641541 300.323151 89.140335 21.587032 114.621117 537.151733 532.616211 131.095383 83.761566 181.515839 153.310150 71.175842 57.078892 101.548019 111.364265 111.507851 180.825882 239.002090 233.323807 110.923393 36.687874 67.186310 61.008198 28.425341 69.354164 144.312164 117.711510 35.128338 33.015148 50.159744 41.109608 37.013512 31.144823 36.000000 37.656342 27.784887 39.623226 47.853943 52.478565 51.400391 38.078865 31.016125 30.066593 35.777088 53.740116 38.078865 43.566040
3.162278 12.649111 10.000000 3.162278 5.830952 5.099020 4.472136 4.000000 8.000000 12.083046 9.055386 3.162278 6.324555 7.071068 1.414214 31.304953 51.088158 48.373547 53.851646 65.253349 71.063354 68.876701 54.644306 42.544094 36.359318 16.552946 9.055386 29.120440 36.769554 32.893768 27.202942 126.657021 190.168350 155.080627 35.468296 6.000000 10.198039 14.560220 31.906113 103.392456 155.974350 127.561752 63.245552 27.459061 21.954498 45.694637 138.924438 122.588745 113.110565 213.190063 190.378571 369.066376 496.145142 381.601898 162.640701 27.459061 448.080353 618.465820 196.351730 111.516815 169.593628 110.634537 29.832869 77.175125 89.587944 35.608986 60.728905 145.499146 174.132141 129.274902 52.402290 36.687874 64.327286 47.010635 33.615471 112.160599 154.402069 113.172432 59.615433 51.224995 56.302753 48.826221 39.824615 31.906113 30.265491 42.190044 37.656342 30.232433 44.407207 50.219517 39.824615 28.178005 25.179358 28.284271 31.622776 49.739319 65.253349 79.624115
13.928389 13.038404 8.485281 8.602325 7.211102 4.472136 1.414214 8.485281 8.000000 16.124516 13.038404 5.656854 7.071068 11.045361 13.416408 59.481091 58.137768 38.832977 45.276924 49.091751 46.000000 62.369865 59.413803 41.880783 41.231056 33.970577 21.023796 4.242640 15.811388 17.204651 14.764823 19.026299 18.439089 10.295630 3.162278 2.000000 12.083046 18.384777 7.211102 24.083189 93.723000 138.852432 107.935165 54.424259 28.284271 47.413078 135.484314 115.732452 116.430237 178.997208 112.294258 178.734436 332.255920 466.964661 433.813324 247.491409 264.775391 652.357239 294.923706 123.943535 141.739197 69.123077 34.058773 74.404305 38.418747 31.016125 82.873398 98.883774 76.576759 41.182522 23.409399 43.382023 61.400326 25.179358 62.177166 155.048386 180.055542 131.946960 94.000000 69.426216 60.000000 49.497475 38.209946 25.612497 12.649111 42.426407 56.035702 32.649654 36.055511 36.055511 23.323807 19.697716 18.384777 23.021729 30.594116 40.447498 63.387695 87.726852
13.416408 12.649111 11.401754 8.602325 7.071068 7.615773 10.198039 13.038404 8.246211 15.811388 12.649111 8.246211 8.000000 8.944272 34.985710 79.624115 49.517673 31.906113 45.803928 35.383614 20.099751 44.654228 56.938564 36.796738 35.608986 39.824615 32.310989 11.401754 14.764823 12.083046 2.000000 1.414214 2.828427 5.099020 4.472136 1.414214 6.324555 16.552946 12.727922 7.071068 36.796738 100.568382 137.905762 126.649124 98.731964 81.706795 126.846367 105.261581 111.400177 124.555206 128.062485 151.716843 174.917130 259.557312 438.018250 547.921509 262.937256 511.407867 404.378540 122.441826 123.482796 41.109608 57.008770 58.549126 2.828427 49.030602 89.677200 92.347168 51.088158 14.560220 21.400934 49.091751 54.625999 4.472136 97.529480 192.924850 172.904602 79.309517 54.129475 37.013512 38.418747 29.832869 18.973665 9.055386 3.162278 41.012192 67.007462 41.231056 36.715118 40.224369 35.355339 37.656342 36.496574 34.525352 36.055511 39.115215 44.294468 46.669048
7.071068 7.071068 8.944272 6.324555 17.204651 52.000000 81.596565 91.411156 85.708809 72.235725 49.739319 28.425341 10.770329 6.000000 44.922153 77.278717 25.961510 19.646883 41.231056 18.384777 1.414214 31.144823 48.000000 26.683329 28.635643 41.109608 34.928497 19.235384 15.811388 2.828427 6.324555 9.055386 10.770329 9.055386 8.944272 7.211102 5.830952 10.295630 12.806249 13.038404 19.235384 44.721359 88.102211 123.975807 137.186005 117.106789 97.744568 90.443352 105.905617 61.073727 86.764046 144.810226 179.744263 166.709335 223.946426 441.191559 583.823608 364.321289 322.223511 113.569359 115.801552 48.166378 77.897369 67.230942 23.194826 51.244511 91.411156 90.609047 44.384682 17.720045 28.460499 46.818798 42.379242 18.110771 125.299644 216.910126 154.330811 31.400637 38.470768 15.231546 20.591261 13.928389 7.211102 16.552946 14.212670 42.000000 75.325958 52.497620 27.313000 27.892651 27.784887 16.492422 9.899495 8.944272 6.000000 7.211102 16.124516 25.495098
5.099020 6.324555 8.944272 60.000000 123.004066 157.492859 153.759552 133.304169 125.299644 128.390030 118.067780 89.498604 41.036568 9.055386 35.693138 74.040527 34.785053 24.331051 39.115215 12.000000 14.422205 46.324940 53.009434 23.021729 24.698177 39.623226 22.090721 15.297058 16.000000 11.661903 8.944272 9.486833 8.246211 6.000000 7.615773 10.000000 10.000000 10.295630 12.649111 15.033297 15.033297 15.297058 25.298222 46.840153 66.272163 73.006851 39.597980 75.538071 108.018517 21.587032 79.120163 87.692642 138.946030 127.287079 67.186310 90.354858 305.109802 325.213776 120.066650 113.569359 117.686020 91.005493 122.588745 129.274902 77.820305 49.517673 97.015465 91.760559 33.615471 11.401754 35.014282 47.265209 33.136082 31.400637 144.006943 233.070801 144.554489 31.622776 44.204071 27.856777 23.323807 13.416408 8.602325 7.615773 22.135944 47.539455 72.249565 39.698868 94.921021 152.118378 183.983688 187.259186 173.833252 163.076675 160.000000 159.078598 156.626938 146.758301
9.486833 17.029387 89.810913 157.543640 157.943024 112.605507 70.114189 47.518417 48.270073 72.498276 103.730423 124.402573 113.718948 92.574295 59.076221 49.979996 46.173584 27.166155 27.784887 37.013512 59.933296 75.432091 57.982758 36.000000 36.055511 36.055511 8.602325 9.899495 12.649111 21.540659 11.661903 27.892651 37.013512 27.313000 8.485281 5.830952 7.615773 4.242640 6.000000 7.071068 6.000000 7.071068 8.000000 7.071068 5.099020 61.008198 12.165525 73.006851 118.152443 14.212670 98.020409 38.910152 98.234413 113.534134 56.462376 57.008770 39.217342 99.609238 126.000000 130.973282 104.995239 100.000000 138.079681 175.635986 149.773163 75.006668 103.768974 95.707886 31.622776 10.770329 35.128338 52.038448 31.144823 41.012192 159.705978 248.072571 143.680206 41.231056 49.497475 34.928497 25.179358 17.029387 19.646883 27.856777 21.400934 30.232433 81.596565 155.955124 220.771378 239.039749 250.071991 262.606171 267.080505 266.120270 267.001862 269.046478 272.360046 265.635101
20.248457 93.605553 161.245148 130.000000 54.644306 7.615773 13.038404 13.928389 2.828427 13.416408 64.776543 157.714935 233.452347 242.033051 201.638290 139.176147 65.192024 6.324555 31.016125 59.615433 81.841309 75.591003 45.122055 30.594116 21.023796 11.045361 13.038404 14.212670 8.485281 20.000000 62.609905 106.892471 112.285347 94.413979 52.345009 6.324555 11.401754 7.615773 7.211102 3.162278 2.000000 2.000000 2.000000 2.828427 3.162278 66.030296 12.000000 74.000000 132.242203 16.552946 111.364265 25.019993 95.005264 143.784561 94.826157 61.204575 62.625874 77.175125 141.428421 135.181366 97.005157 73.539108 73.348480 134.528809 169.917633 110.308655 103.324730 99.297531 52.038448 47.413078 36.796738 59.464275 33.615471 54.332310 177.341476 254.786179 136.066162 23.021729 42.449970 36.715118 26.683329 23.194826 22.090721 6.324555 59.363289 127.200630 184.791779 208.734283 185.407654 139.713989 121.004135 128.132736 140.292557 147.085007 151.029800 154.012985 161.152100 179.799896
75.179787 154.207657 124.201447 35.468296 5.656854 11.661903 14.212670 14.212670 5.830952 40.000000 125.251747 189.973679 211.002365 218.220078 209.504181 182.789490 142.393814 75.006668 32.280025 48.270073 50.000000 28.425341 13.038404 17.492855 24.041630 31.016125 27.166155 13.341664 9.486833 48.104053 136.029404 146.894516 131.848404 134.825821 106.677086 23.706539 16.000000 7.211102 8.602325 7.615773 5.099020 5.830952 6.000000 3.162278 5.830952 69.180923 11.401754 72.000000 153.733536 24.083189 128.249756 24.083189 100.079971 171.172424 117.175079 55.009090 58.258045 34.928497 109.881752 135.558105 122.653984 104.995239 60.033325 57.982758 136.235092 117.200684 86.267029 96.260063 60.033325 73.006851 61.983868 60.827625 24.207438 68.029404 178.044937 231.144974 142.358704 69.584480 31.400637 7.615773 19.235384 16.492422 49.678970 115.602768 177.747009 188.308258 155.756226 108.157295 59.682495 21.023796 10.198039 14.764823 21.954498 21.213203 19.235384 19.026299 21.023796 84.202141
128.444534 144.180435 51.478149 4.472136 8.602325 11.661903 12.727922 14.142136 17.029387 101.518471 166.138504 125.896782 77.006493 106.508217 129.274902 131.605469 145.244614 130.613937 77.317528 38.078865 20.880613 30.594116 41.182522 47.707443 47.434166 43.011627 36.769554 28.600698 15.033297 116.970085 179.449158 131.103012 113.296074 147.146179 147.959457 41.303753 19.026299 8.000000 2.828427 6.324555 10.000000 15.033297 16.124516 13.038404 12.083046 67.007462 8.246211 66.121101 181.339462 31.780497 156.320190 29.154760 107.042046 190.515091 133.880539 42.000000 67.542580 7.615773 81.006172 128.996124 139.671036 132.423569 103.092194 15.811388 86.313385 93.744331 47.010635 79.711983 39.824615 57.008770 53.084839 35.355339 8.602325 71.063354 143.951385 188.063812 186.590454 163.487000 126.530632 84.770279 64.776543 107.703293 167.725967 200.084976 179.888855 106.892471 43.931767 11.401754 9.055386 16.000000 16.124516 18.973665 24.166092 29.120440 34.000000 36.055511 35.014282 83.006027
141.548584 98.762344 17.262676 9.055386 8.602325 12.083046 12.083046 13.038404 39.115215 143.178207 151.380310 70.936592 29.732138 61.400326 90.686272 103.227905 138.224457 161.400131 114.934761 30.528675 43.081318 62.128899 58.051701 48.373547 30.364452 18.601076 23.537205 28.460499 55.443665 178.734436 187.216446 102.528046 99.156441 171.813858 175.071411 48.166378 20.396078 8.944272 3.162278 8.602325 12.165525 7.071068 6.000000 6.324555 15.231546 67.675697 19.849434 62.514000 198.363297 19.849434 177.070602 32.000000 111.004501 202.089096 147.979721 26.076809 85.906929 43.931767 56.586216 114.201576 149.030197 159.530563 142.667450 62.801273 54.571056 71.175842 12.727922 67.007462 38.209946 22.360680 30.528675 13.928389 31.622776 58.940647 84.758484 123.434196 159.411423 177.115784 181.554398 172.255630 169.852875 193.685318 189.335678 138.231689 59.059292 24.041630 50.931328 46.518814 49.030602 55.081757 62.289646 73.348480 85.906929 95.351982 100.079971 104.000000 105.042847 112.329872
120.540451 55.081757 9.899495 9.486833 7.615773 7.615773 12.000000 14.142136 51.088158 155.029022 140.057129 64.031242 26.832815 30.000000 67.230942 85.475143 137.295303 181.218094 123.975807 38.626415 56.850681 55.081757 63.198101 57.706154 34.438351 37.336308 39.623226 12.165525 121.827744 204.792572 161.418716 62.641838 100.089958 199.724808 189.023804 51.244511 21.540659 11.401754 11.045361 18.867962 22.135944 33.015148 50.039986 73.824112 102.420700 110.923393 73.593475 72.249565 201.062180 17.720045 180.011108 32.000000 112.000000 208.009613 158.202408 15.231546 98.731964 71.063354 29.154760 83.630135 132.136292 171.604202 175.801025 120.432556 79.056938 59.548298 18.867962 59.076221 42.449970 16.124516 30.528675 54.037025 68.600288 56.302753 21.587032 53.141319 116.275536 183.983688 219.476654 199.248581 153.081680 127.059044 76.419891 13.038404 68.425140 105.309067 111.892807 120.332870 134.647690 146.492325 157.714935 165.469025 167.725967 166.090332 164.109726 165.027267 167.026947 157.410294
96.208107 30.232433 2.828427 6.324555 7.071068 4.472136 12.165525 18.439089 46.173584 148.276764 148.431808 84.403793 35.014282 22.803509 55.443665 73.006851 144.006943 182.214157 106.018867 12.806249 43.011627 55.317268 74.632431 80.224686 75.073296 78.854294 27.018513 93.059120 185.002701 186.386688 112.605507 30.265491 105.905617 206.286209 201.896011 62.128899 27.166155 36.769554 66.241982 92.477028 114.978256 142.863571 169.705627 189.552109 187.541992 133.633835 137.295303 88.000000 198.161545 16.124516 175.025711 32.000000 111.004501 205.119476 157.917694 24.041630 98.843307 76.419891 4.242640 52.000000 94.530418 119.004204 116.730461 126.087273 139.003601 101.123688 67.941154 63.134777 48.414875 47.518417 66.573265 107.563934 126.269554 111.040535 75.166481 57.567352 119.540787 157.689575 187.002670 181.372543 79.246452 14.212670 64.280632 118.330048 151.795914 159.154007 161.307159 164.012192 160.124954 151.558563 140.698257 130.391724 119.364990 108.903625 104.172935 103.043678 102.019608 98.478424
83.546394 25.455845 19.798990 5.830952 4.472136 8.246211 14.212670 16.492422 26.832815 122.384636 161.474457 125.642349 70.837845 47.707443 100.657837 151.426544 195.673203 166.739319 79.624115 4.000000 61.983868 95.414886 87.817993 78.102493 99.045441 113.225441 44.045429 171.510925 198.040405 135.624481 62.769421 20.000000 96.881371 197.311935 216.540985 80.411446 68.249542 119.632774 165.051514 191.671600 202.829971 205.543182 201.717621 188.095718 153.160049 133.206604 196.127502 93.048378 195.023071 9.055386 170.047058 30.265491 101.242287 184.352921 153.394913 85.146935 103.324730 57.688820 25.806976 127.781059 201.534119 189.652313 100.129913 49.396355 120.540451 151.921036 152.531967 140.769318 122.711044 93.380943 93.059120 161.276154 197.266312 180.188797 167.361877 141.152405 122.122887 67.882248 85.276024 176.113602 128.000000 60.216278 80.062477 96.674713 92.021736 80.610176 72.249565 59.413803 36.715118 14.560220 10.770329 26.832815 27.018513 18.439089 9.899495 10.198039 21.540659 27.784887
84.214012 28.284271 23.706539 15.231546 5.099020 6.324555 12.083046 9.486833 8.485281 73.498299 147.756561 165.559662 142.863571 164.468842 220.553848 230.152130 193.912354 105.603027 12.165525 69.354164 121.918007 127.279221 85.088188 67.082039 112.401070 122.065559 75.166481 203.066498 163.266647 80.709358 26.832815 15.297058 76.902534 179.293060 215.127869 109.343498 140.868729 192.852280 198.957275 185.396866 165.656265 145.910934 125.602547 97.005157 78.243210 161.789993 226.000000 91.137260 194.041229 2.000000 166.300934 24.041630 75.709976 147.648224 149.913315 116.619041 91.389275 35.014282 93.637596 221.350403 251.765762 198.595062 170.792267 180.000000 115.732452 69.065186 154.538025 202.785599 203.901932 145.835526 92.477028 180.853531 185.234985 123.458496 216.910126 183.024582 121.334251 47.707443 78.549347 186.510056 156.952225 47.010635 27.459061 56.586216 83.354668 104.785492 120.904922 127.129852 121.696342 119.941650 116.841774 110.887329 103.160072 89.286057 79.511009 82.607506 96.540146 100.806747
91.268837 66.528191 18.384777 14.142136 8.485281 11.401754 16.492422 15.620500 17.029387 36.715118 96.426140 149.305054 154.932236 200.638977 205.455597 153.101273 86.023254 22.090721 106.826965 166.481232 182.016479 140.769318 80.894997 66.483078 120.880104 108.747414 110.344917 197.306870 116.764717 40.224369 7.211102 10.000000 57.706154 149.906631 182.915283 139.176147 185.564011 202.311646 154.615646 107.786827 77.884529 56.885849 33.136082 36.000000 103.315056 188.679626 212.198013 82.607506 193.023315 10.000000 156.460861 35.383614 52.325901 85.287750 85.088188 56.356010 28.284271 45.891174 169.593628 259.788361 204.000000 98.478424 111.606453 199.022614 210.845917 119.632774 40.496914 51.788029 129.073624 133.723602 24.041630 163.003067 146.812805 116.867447 248.712692 155.929474 90.000000 122.065559 187.472672 223.450211 135.882309 21.540659 17.029387 41.231056 65.969688 89.498604 111.085556 130.268951 137.615402 131.186890 116.068947 108.673820 114.560028 119.331474 117.515953 114.629837 114.725761 106.320274
92.800865 104.804581 55.317268 24.698177 41.976185 36.878178 31.048349 24.166092 21.587032 27.018513 50.695168 104.709122 132.015152 139.291061 92.314682 58.600342 13.416408 105.688217 177.002823 186.010757 164.693649 125.323578 91.760559 86.821655 122.971542 82.134033 132.136292 165.529449 74.686012 14.422205 4.242640 11.401754 46.173584 107.489532 126.822708 124.257797 160.000000 146.000000 80.622574 36.878178 14.764823 7.071068 38.832977 106.826965 191.671600 205.650192 156.083313 61.188232 190.000000 20.396078 128.576828 113.463654 158.959122 172.069748 145.499146 107.200745 80.622574 104.690018 215.675690 251.781647 157.486511 47.413078 51.478149 134.164078 181.818588 169.499268 165.027267 146.184814 130.430054 140.470642 46.389652 158.808060 140.456406 119.616051 214.336182 97.908119 144.678955 235.053192 303.318329 277.996399 169.002960 96.384644 44.654228 17.204651 1.414214 10.770329 25.298222 41.761227 51.788029 52.038448 49.254440 55.081757 68.963760 81.743500 84.011902 77.162170 69.570107 69.426216
57.428215 97.005157 114.542572 82.377182 83.294655 89.554451 76.576759 48.703182 19.235384 29.154760 62.625874 109.114616 131.308792 101.980392 65.145988 51.613953 29.698484 152.328598 207.870148 151.162170 97.416634 73.552704 89.810913 114.621117 131.764938 93.005379 130.230560 116.730461 41.785164 0.000000 11.401754 21.213203 47.853943 65.192024 56.850681 69.426216 96.426140 78.294319 34.205261 11.045361 5.099020 13.928389 62.096699 158.619034 234.610321 159.906219 73.661385 41.303753 184.043472 35.014282 79.056938 197.083740 237.065399 245.153015 216.037033 167.529099 117.711510 127.914032 232.107727 223.486023 115.039124 30.528675 31.780497 88.600227 126.142776 108.406639 103.004852 122.776222 120.805626 96.332756 18.384777 154.207657 135.830780 102.107788 179.120071 102.078400 201.062180 274.186066 309.919342 262.545227 224.321198 186.954544 121.490738 68.264191 34.438351 19.646883 15.033297 12.165525 8.944272 7.211102 7.071068 6.000000 11.313708 19.798990 21.213203 11.401754 13.928389 57.008770
25.495098 94.021271 176.589920 128.701202 88.566360 114.061386 126.657021 99.247169 64.202805 83.773506 105.546196 95.603348 77.162170 66.483078 62.289646 43.289722 50.990196 165.003036 227.019821 142.225174 45.694637 22.803509 58.051701 104.804581 136.124939 112.587746 91.400215 62.032249 23.537205 12.083046 24.041630 41.036568 66.603302 58.000000 20.880613 24.331051 54.589375 54.405884 33.105892 22.360680 48.373547 75.059975 112.071404 214.233521 242.989716 70.710678 9.899495 40.049969 179.136826 43.174065 16.124516 229.072037 182.603394 115.039124 94.339813 92.800865 56.850681 124.257797 226.384628 174.751251 70.228203 12.165525 23.194826 62.289646 101.607086 93.059120 43.931767 28.178005 34.928497 21.540659 46.065170 161.207947 136.894119 91.706055 150.572235 94.868332 236.135559 263.005707 209.575760 131.186890 165.855362 207.200394 190.420593 134.014923 72.622307 32.249031 21.023796 23.021729 23.021729 21.213203 19.235384 18.110771 19.646883 23.323807 25.612497 24.698177 29.120440 63.071388
31.016125 158.757675 237.023209 147.186951 100.169853 117.745491 173.925278 181.664520 114.236595 89.888817 70.327805 31.780497 22.803509 21.540659 19.026299 22.803509 69.354164 146.054779 221.531036 160.461838 50.596443 5.830952 24.413111 59.413803 93.605553 83.761566 30.000000 25.298222 27.784887 33.526108 50.477718 72.622307 95.015785 80.411446 69.050705 69.641945 80.808418 77.175125 59.008472 85.146935 118.726578 110.000000 154.402069 262.545227 259.942291 94.625580 45.803928 52.000000 181.069046 31.780497 54.589375 254.275436 205.294907 91.607857 77.201035 87.817993 2.000000 148.660690 194.756256 116.068947 50.000000 44.045429 48.846699 54.405884 85.708809 95.131485 42.755116 5.099020 6.324555 5.830952 47.539455 161.697250 134.238586 82.097504 130.000000 83.486526 245.601303 187.002670 60.033325 10.770329 52.839378 119.632774 162.111069 155.080627 108.811768 47.707443 7.615773 11.401754 18.439089 22.090721 21.023796 20.099751 20.880613 23.323807 25.612497 26.076809 27.166155 57.706154
