186
136
90
122
174
146
84
56
76
174
308
358
354
300
158
94
152
174
158
82
18
78
94
88
84
110
244
198
40
36
160
180
38
76
82
54
34
28
8
24
108
226
224
98
40
38
34
38
40
36
30
24
24
24
10
10
20
26
24
18
20
18
8
12
14
18
16
14
8
18
32
36
40
66
160
262
274
222
136
58
38
24
20
50
180
292
238
108
54
44
16
4
22
60
230
214
78
76
122
50
20
60
148
164
104
62
224
294
302
256
192
138
68
10
80
122
162
136
30
52
72
64
70
198
244
120
10
16
76
172
146
38
44
56
60
56
50
138
224
210
102
26
24
30
26
30
40
38
34
34
34
26
14
20
24
20
12
14
20
12
12
20
20
20
12
16
14
26
38
36
30
32
64
146
230
274
254
182
130
140
174
234
286
226
90
36
48
42
52
38
32
60
218
274
174
88
54
10
28
52
112
134
96
196
294
192
134
98
54
36
70
44
80
74
114
144
78
26
58
76
190
248
162
42
16
38
72
62
112
114
108
96
90
138
186
206
176
82
16
0
12
24
22
22
34
36
34
40
44
40
24
16
10
6
4
12
24
16
20
22
16
16
12
16
24
32
40
38
28
16
14
34
92
178
222
200
174
184
202
192
150
74
20
28
34
14
34
40
36
48
144
240
246
98
106
38
48
74
140
156
26
272
218
56
44
38
24
26
56
70
100
102
90
98
82
94
146
236
256
168
62
64
46
62
66
36
14
88
138
144
146
168
146
90
66
32
8
14
14
16
20
24
32
34
34
42
48
48
42
28
18
16
10
14
26
20
24
22
18
22
20
22
30
38
46
44
34
24
12
32
38
60
54
52
46
42
24
40
42
20
20
32
26
4
12
18
14
34
76
138
212
152
172
64
64
92
160
118
146
286
116
42
8
42
44
46
60
76
108
116
84
110
232
290
260
228
148
90
76
76
74
60
30
24
28
68
66
32
30
40
24
34
76
52
4
12
8
8
16
26
30
30
32
38
44
44
40
32
18
14
14
16
24
24
18
14
14
20
20
22
36
48
54
52
46
44
64
100
100
82
64
38
38
58
62
74
84
54
22
26
16
6
2
4
12
30
62
86
130
132
252
152
116
146
180
26
254
234
28
36
18
26
30
42
56
64
78
82
58
126
314
298
126
70
46
58
70
92
106
78
44
34
30
68
44
20
16
20
22
24
58
54
16
28
14
8
14
26
30
30
32
34
38
36
30
30
18
8
10
14
22
26
18
8
14
20
20
24
44
54
54
56
58
80
116
98
62
44
10
14
28
42
38
54
88
82
44
12
4
10
8
10
10
24
56
72
82
100
284
228
154
164
130
92
276
144
12
28
18
2
6
24
40
42
38
42
34
124
294
176
28
46
44
36
28
72
98
82
52
36
34
64
18
30
40
44
50
54
62
60
28
32
32
20
20
22
14
18
30
38
38
32
26
28
18
6
12
22
18
28
22
14
26
24
20
30
46
46
38
34
56
110
96
36
60
44
12
16
26
28
18
20
72
96
74
28
12
14
12
10
4
22
40
52
60
68
204
194
152
112
74
162
234
112
14
22
26
10
12
22
26
28
28
50
54
146
284
124
50
44
40
32
32
58
66
62
48
34
40
24
52
72
64
58
64
84
86
72
36
28
34
30
28
28
22
18
26
36
34
30
28
28
12
4
10
14
6
22
20
22
32
22
20
30
36
34
24
34
72
112
22
70
70
42
24
32
36
32
18
8
50
98
102
52
24
24
18
16
24
40
38
40
50
48
118
112
108
102
112
220
292
160
38
18
18
10
16
18
26
36
30
48
76
180
282
96
46
28
30
20
22
46
52
50
46
40
18
44
102
86
70
58
66
86
86
82
52
30
30
24
16
22
18
22
34
40
40
40
40
32
16
10
16
20
8
12
14
24
28
18
18
24
28
34
22
24
92
92
46
86
60
32
16
32
44
44
26
14
26
68
104
70
30
36
34
32
34
38
32
26
34
30
88
70
66
86
114
220
336
226
72
28
16
12
6
16
30
44
42
62
100
256
274
54
48
48
34
20
32
48
40
46
56
46
40
80
94
52
50
84
148
262
172
108
54
20
26
24
14
18
12
16
24
34
42
46
42
28
16
12
18
24
14
6
6
22
20
10
10
18
24
30
22
40
94
58
40
48
30
26
8
16
30
44
36
16
10
40
76
62
28
38
40
56
56
40
26
14
20
18
76
68
60
78
96
164
324
310
148
50
6
12
14
24
34
42
34
54
160
342
230
20
14
46
64
54
68
94
68
40
46
52
66
62
54
30
60
112
316
436
550
302
74
20
24
24
18
10
6
8
16
30
38
42
34
20
14
10
16
24
16
6
10
20
16
8
10
18
26
34
44
92
150
112
94
96
90
80
50
28
42
42
24
18
8
40
60
42
18
24
20
48
62
46
28
14
12
16
44
52
52
72
94
104
236
362
278
126
36
12
12
16
16
18
12
92
278
330
138
8
6
14
38
42
56
88
72
26
62
64
42
56
72
66
88
182
378
226
640
706
470
156
14
30
20
16
10
10
16
26
38
42
32
20
14
6
12
20
18
20
26
28
16
6
12
24
40
68
104
152
178
122
102
106
102
116
118
82
50
46
34
30
16
54
78
44
10
12
16
36
56
50
32
18
4
6
8
20
26
50
104
98
130
288
334
220
110
56
38
24
30
58
102
222
322
232
94
24
20
10
18
30
52
74
70
48
40
56
60
66
72
74
86
134
492
380
174
536
732
630
326
68
24
26
16
12
16
18
36
46
38
28
26
20
24
28
30
34
36
30
16
12
168
244
196
116
120
104
96
42
24
40
40
64
112
126
66
44
38
32
30
58
84
42
18
14
18
32
52
44
30
22
16
16
18
10
12
20
78
94
74
150
252
270
208
140
104
80
110
152
216
290
248
118
86
50
10
14
38
60
86
96
62
18
56
84
94
100
92
76
60
74
420
522
144
86
318
618
710
510
208
14
24
6
10
16
26
34
34
30
28
26
20
20
26
28
24
16
16
38
516
516
534
136
50
46
108
90
30
4
36
46
58
110
102
44
42
34
12
76
102
26
26
20
36
46
58
48
28
16
20
14
36
32
16
4
32
76
110
112
98
184
222
210
190
166
194
212
252
240
128
50
70
60
2
38
68
98
124
116
60
46
20
48
86
106
118
94
66
82
324
580
252
66
54
120
410
660
648
384
114
2
4
14
22
28
28
28
24
28
28
16
22
20
14
10
12
188
774
440
646
232
10
34
96
106
72
36
52
58
46
90
116
80
22
8
76
130
84
14
28
12
30
48
62
52
38
18
22
8
38
36
24
20
24
66
130
114
68
52
86
124
142
138
150
168
194
140
46
26
66
62
20
68
106
148
180
146
130
132
112
100
58
58
92
100
64
60
190
558
364
70
64
68
56
186
504
670
542
262
58
16
18
22
22
22
22
24
32
22
18
16
12
12
22
428
804
190
568
308
38
38
68
98
104
84
58
66
58
76
110
96
52
94
126
88
14
30
26
4
34
58
64
54
42
12
30
6
40
34
26
28
24
50
140
124
56
48
18
28
68
84
104
122
116
52
14
4
56
62
44
94
138
184
200
142
150
164
166
176
154
74
28
74
54
26
92
490
452
58
82
60
64
86
34
292
572
638
436
166
22
6
16
14
10
8
16
18
12
12
10
12
158
654
636
66
486
376
48
20
28
68
106
120
98
54
18
20
78
130
126
100
54
20
30
28
8
16
36
50
50
56
40
6
28
16
54
40
26
30
34
48
106
138
88
54
36
78
100
84
70
52
28
22
38
24
62
50
54
88
126
168
172
138
130
168
178
202
200
134
28
38
44
26
36
400
506
94
96
54
44
62
94
74
92
404
650
592
286
52
8
6
6
12
10
6
10
16
24
46
390
728
346
72
422
452
68
8
8
36
78
108
118
112
88
88
116
112
80
84
106
120
110
76
32
14
24
42
54
62
42
4
22
20
68
52
28
28
36
36
84
112
74
60
60
94
86
26
12
20
28
32
44
36
60
30
54
66
104
158
176
162
110
162
204
264
288
210
74
12
28
20
8
294
514
172
118
64
58
56
72
88
114
48
240
566
558
334
128
10
4
8
4
6
12
26
32
170
610
578
78
44
348
514
144
20
8
24
64
88
90
100
92
44
50
136
146
140
152
130
158
164
132
78
48
56
68
70
54
20
16
16
72
64
36
20
30
30
56
106
74
32
36
66
42
22
40
28
32
38
26
46
46
22
52
76
124
156
156
120
44
38
132
244
348
320
152
30
34
18
6
192
476
226
130
72
64
58
66
74
88
128
104
244
278
442
476
224
34
6
6
8
12
20
50
380
664
300
36
46
254
538
242
16
8
18
52
72
54
48
82
122
92
102
82
52
50
38
80
140
184
176
114
72
78
72
56
40
20
22
76
76
52
14
28
22
36
100
118
60
16
44
18
30
34
30
40
22
52
80
24
32
70
108
104
112
190
198
172
120
26
68
204
308
224
84
44
36
30
114
408
242
124
72
56
48
54
70
86
112
146
282
88
108
464
558
284
48
4
6
14
18
178
590
510
70
24
50
150
522
344
20
16
14
40
70
58
102
172
118
30
52
44
14
18
14
32
60
134
202
184
100
76
76
64
60
42
50
72
76
58
12
24
30
26
54
110
114
44
22
28
30
22
34
40
74
100
54
10
48
106
102
34
76
148
186
210
196
130
164
156
176
234
138
64
50
48
98
338
236
124
80
58
50
50
64
84
102
188
232
118
184
50
454
588
268
22
8
12
64
434
636
246
22
32
50
56
478
436
50
16
4
22
58
80
170
146
18
62
64
36
12
22
28
38
54
58
156
212
150
82
74
68
60
54
68
60
70
56
22
12
30
22
16
46
90
94
62
50
52
70
90
90
94
64
12
20
76
116
52
8
22
70
134
188
184
132
104
50
88
206
188
96
54
52
84
292
206
118
80
52
40
36
50
76
70
210
144
86
112
132
68
512
514
126
20
20
268
628
426
32
40
42
50
40
402
508
106
8
16
16
52
142
180
54
58
72
44
16
12
34
36
36
50
32
104
196
174
76
44
42
32
46
94
54
58
48
26
6
14
18
22
16
28
56
76
94
100
94
90
80
46
24
28
36
94
82
22
18
20
8
58
114
112
70
36
60
72
182
248
210
172
152
104
272
158
110
64
28
22
20
36
66
70
194
34
126
118
98
72
236
540
260
22
162
544
556
138
36
40
40
44
76
300
542
184
6
36
32
76
164
122
40
64
50
36
16
16
40
40
28
36
24
54
158
158
66
30
28
18
36
102
66
64
46
18
12
30
34
30
16
8
10
22
32
36
26
36
44
38
30
34
64
98
48
18
10
10
14
60
112
142
128
116
114
100
118
194
214
216
226
182
216
116
94
50
30
30
24
36
52
122
130
70
144
126
92
58
106
450
314
148
488
614
270
8
16
30
36
46
84
202
546
254
36
78
64
128
218
150
36
34
30
30
16
32
42
36
24
36
36
56
174
176
56
30
20
28
30
82
76
64
40
12
16
30
30
30
26
26
40
44
42
32
16
18
22
24
20
24
82
106
42
16
60
118
206
288
334
316
178
98
30
50
26
28
24
30
52
92
44
132
70
54
38
26
24
40
18
138
30
134
142
118
80
56
98
396
328
504
622
344
60
18
48
54
52
54
72
118
550
374
62
100
82
140
248
186
54
16
20
20
8
34
52
50
36
32
32
62
174
148
48
44
28
44
38
86
64
46
30
14
18
28
24
26
26
24
38
50
50
40
20
8
12
28
34
30
120
224
242
300
368
394
394
342
244
142
126
122
82
112
94
90
92
92
80
68
62
114
74
46
34
4
28
50
56
88
80
158
128
100
74
54
132
346
246
604
346
104
56
68
66
60
50
48
58
46
516
510
80
66
38
80
214
206
76
20
12
16
6
24
40
40
36
34
34
56
160
132
34
34
32
52
36
86
46
38
34
20
20
28
24
26
24
22
24
46
52
44
28
20
74
166
290
424
546
588
510
432
352
236
120
26
68
90
94
130
100
62
76
48
32
28
22
4
40
22
138
106
178
66
72
50
72
56
146
146
110
80
68
62
198
244
222
324
94
68
76
64
48
38
32
38
48
42
434
570
168
42
24
34
176
226
102
24
14
24
10
16
34
30
24
24
26
78
188
138
34
10
16
28
14
70
38
28
30
20
18
26
28
28
22
20
10
32
40
42
38
150
478
676
700
656
556
412
236
98
46
82
124
120
102
62
28
102
162
40
62
48
36
20
10
22
32
38
208
276
344
244
94
70
120
72
148
114
86
66
108
134
282
312
290
378
40
46
46
38
26
22
28
38
42
54
354
588
234
38
24
10
124
232
164
54
24
38
24
36
46
40
20
22
20
164
216
108
20
6
16
16
10
58
32
22
24
20
18
30
36
30
22
20
6
24
30
34
42
132
358
398
326
214
86
18
68
76
66
76
80
70
62
34
30
40
152
130
12
50
30
16
10
20
16
58
198
338
226
402
218
106
106
78
114
80
58
96
220
180
314
454
140
472
96
30
34
30
26
28
38
42
38
56
284
582
284
36
28
4
72
192
224
142
42
34
24
52
70
62
40
36
140
226
148
42
12
10
14
8
6
48
34
26
22
22
26
44
46
36
32
30
18
30
34
32
36
104
470
746
676
372
78
54
54
46
50
82
96
80
50
28
44
58
58
148
88
24
34
16
20
20
20
38
162
370
180
338
352
254
128
46
76
56
70
214
296
90
290
490
12
450
166
40
34
38
38
40
46
44
34
48
228
546
300
36
32
12
52
124
194
202
142
54
34
38
80
104
100
158
228
176
64
22
20
16
32
32
22
44
32
30
22
20
34
48
42
36
36
26
18
24
36
42
40
40
78
264
532
632
462
168
48
44
74
122
122
84
52
58
76
64
40
64
136
52
28
30
24
22
28
24
110
378
218
150
274
360
294
112
64
62
184
342
216
102
260
476
68
438
206
42
38
48
48
44
42
38
28
36
258
576
304
36
46
24
38
72
112
158
194
164
118
122
138
180
182
212
162
72
32
30
26
20
22
32
48
46
20
22
16
12
30
34
22
18
16
4
8
6
20
30
32
80
104
92
94
298
480
468
270
56
100
124
94
74
72
80
60
34
46
24
80
114
34
26
28
26
38
36
64
372
300
38
118
230
330
280
122
138
366
332
66
102
234
454
96
440
234
42
42
48
48
40
32
24
14
18
406
628
248
38
44
14
20
42
56
78
124
154
158
174
166
158
146
112
74
50
38
30
14
16
38
74
106
64
26
18
8
6
22
20
10
22
32
24
18
12
20
14
34
90
84
76
108
114
90
284
446
360
114
96
88
88
74
60
28
24
28
46
8
78
98
36
38
34
38
22
34
350
358
14
68
92
172
262
250
290
468
178
122
100
212
440
156
430
280
42
38
42
44
42
30
22
20
222
638
566
134
48
52
22
14
24
24
36
42
66
86
86
68
62
54
58
62
54
42
28
48
52
62
78
92
52
32
16
4
10
18
18
14
20
34
38
40
36
28
14
38
66
58
80
120
112
70
42
168
412
346
56
104
62
44
36
18
24
30
42
48
16
70
92
76
86
114
128
114
282
340
58
70
60
72
138
216
380
368
106
146
106
200
422
232
390
328
30
32
44
50
36
20
16
156
558
688
326
58
48
44
18
10
20
12
20
28
44
44
26
32
34
42
48
44
44
46
56
40
32
30
40
60
34
20
8
6
12
12
14
20
30
34
36
40
44
38
32
60
82
62
92
124
100
70
124
90
110
294
170
88
136
52
46
26
22
36
84
152
208
230
258
298
334
360
352
332
362
342
92
66
62
48
58
134
282
158
98
138
110
186
398
300
352
382
18
40
40
6
92
78
56
452
722
398
82
42
54
38
12
10
8
6
8
16
36
38
20
36
54
114
66
18
54
60
28
42
44
28
48
62
34
18
10
8
10
12
18
24
30
30
24
26
26
30
36
64
94
86
94
98
72
50
126
134
174
262
152
14
126
96
32
88
142
156
168
210
276
348
382
366
340
302
250
220
190
158
82
44
36
36
28
116
154
36
102
118
98
160
342
278
412
464
96
78
54
100
132
100
252
744
534
90
34
48
44
32
18
18
12
10
14
36
46
20
184
392
594
460
418
110
86
44
14
32
48
50
50
44
38
42
22
8
10
12
24
28
26
20
12
16
18
18
30
68
106
100
112
130
88
26
108
126
200
238
104
32
94
98
78
116
74
14
76
198
342
428
346
112
72
76
28
14
32
26
74
60
30
20
58
102
116
32
100
106
86
156
402
450
714
482
96
82
76
134
32
64
630
704
198
14
32
54
48
36
20
10
14
12
30
142
334
556
748
838
664
506
398
72
92
36
38
58
68
54
30
38
54
66
40
22
16
16
30
34
22
12
4
2
6
12
20
64
118
118
118
132
96
80
70
98
148
156
44
94
76
34
16
84
152
174
178
184
264
462
682
558
194
34
42
52
46
24
28
36
22
54
76
82
84
32
82
106
86
128
306
456
460
158
40
112
180
88
16
408
642
224
76
56
48
54
52
44
46
116
212
346
524
686
766
748
642
390
242
808
526
56
84
34
46
62
66
32
10
38
74
72
44
28
16
18
34
34
18
20
10
10
8
18
22
44
108
144
150
150
118
92
70
64
98
110
22
116
84
32
20
50
46
82
96
72
46
50
354
450
236
122
58
46
22
8
18
58
106
98
68
52
58
20
70
110
82
106
172
102
22
90
122
190
178
86
296
536
220
212
234
264
368
438
450
456
526
622
678
706
696
586
394
216
66
320
838
700
138
104
72
32
46
54
38
6
28
26
66
72
46
28
14
20
36
30
20
24
18
8
12
30
26
28
72
134
180
188
158
112
70
40
48
56
54
150
76
38
94
134
212
228
136
64
68
44
302
346
250
438
452
186
6
2
14
126
188
90
34
24
50
40
62
96
64
130
60
34
82
110
170
224
186
292
530
376
60
22
146
498
606
548
542
542
568
544
448
324
190
64
12
16
206
722
782
264
38
82
54
22
34
34
34
32
36
20
48
64
48
28
14
26
42
30
28
30
24
12
22
36
26
18
40
94
172
216
196
160
128
72
56
64
104
110
30
82
96
82
116
240
340
280
88
76
376
490
482
334
544
528
200
12
52
192
278
22
56
18
70
52
56
70
104
68
34
72
104
152
240
286
326
474
420
138
126
144
388
572
288
140
120
94
76
38
20
24
28
14
10
88
546
802
374
4
30
82
78
36
38
40
32
26
26
16
44
52
44
26
8
28
36
18
24
38
34
18
20
28
16
4
24
62
134
204
224
202
196
176
122
40
58
44
62
82
84
66
44
72
200
370
396
192
78
148
336
498
386
178
350
158
154
390
642
508
296
420
458
326
18
60
60
34
74
96
124
212
340
384
406
380
164
44
36
426
730
412
40
26
20
20
14
8
2
6
12
6
36
382
720
438
118
56
2
70
102
64
38
30
20
6
6
8
50
50
36
22
4
22
20
12
8
28
32
18
10
22
24
8
14
44
100
166
210
192
182
206
128
24
42
52
76
80
70
54
38
32
32
134
348
448
518
720
680
504
476
442
186
194
168
540
414
856
734
904
908
782
178
32
22
74
110
172
280
386
440
380
306
180
32
28
364
770
546
100
42
48
46
40
26
14
10
14
14
4
252
650
510
96
150
138
58
34
100
92
42
18
16
10
10
10
50
62
48
30
12
30
26
16
2
20
24
12
4
16
20
12
8
26
70
122
170
166
160
246
150
10
36
70
78
70
56
54
44
46
40
40
108
316
498
418
194
64
54
270
348
152
126
598
338
362
640
508
662
902
408
70
106
120
102
210
436
538
462
304
176
60
12
294
758
660
180
34
38
50
52
48
38
22
16
18
12
140
538
578
142
72
112
168
120
16
68
112
88
36
28
22
12
16
64
64
56
34
20
32
34
28
10
16
26
16
14
28
54
72
70
44
32
48
94
130
312
298
66
20
60
62
60
52
52
64
64
54
60
82
214
274
174
70
36
40
50
28
138
212
220
540
770
584
400
220
556
722
328
58
48
26
54
246
518
566
400
182
64
16
224
714
748
268
28
30
36
46
50
48
42
28
20
18
84
406
566
228
64
54
76
142
148
60
18
76
108
82
42
14
12
18
72
58
48
18
18
22
32
36
20
18
32
72
130
170
178
166
178
174
148
88
64
314
434
160
8
54
64
52
46
46
56
70
82
72
82
164
272
202
84
46
46
44
62
54
50
72
138
316
574
790
876
686
832
788
310
40
52
64
74
150
390
672
844
788
516
200
652
814
368
38
26
26
30
38
44
46
44
32
24
58
340
542
294
88
80
68
68
110
132
70
20
42
64
84
80
64
66
70
116
46
30
2
14
18
32
42
26
34
112
204
232
190
132
114
118
142
180
196
212
474
306
18
20
64
60
50
46
54
62
68
78
64
104
238
238
84
20
76
148
180
228
98
114
76
24
78
184
294
484
540
578
396
118
34
22
10
4
10
16
84
328
636
818
554
800
478
78
32
28
24
22
26
30
34
38
30
48
316
558
356
36
42
58
62
82
110
112
48
18
44
38
44
56
54
66
68
94
22
24
12
0
10
26
38
28
100
218
226
138
48
22
20
6
8
46
124
344
400
100
18
50
68
62
56
56
66
68
68
70
82
128
62
204
462
554
584
644
576
568
250
82
126
26
16
34
42
82
96
72
56
50
24
32
40
40
46
54
60
70
88
348
350
318
92
64
10
32
28
20
26
30
32
26
84
350
604
432
74
28
16
56
98
108
114
110
40
30
38
12
20
24
28
24
18
40
24
20
16
16
8
24
32
32
172
206
96
30
28
28
22
14
18
18
172
334
168
26
20
58
70
68
64
64
68
70
72
34
86
280
500
672
718
622
538
410
500
500
254
10
146
64
16
48
46
48
60
42
8
56
138
130
88
84
90
96
98
98
104
118
124
150
198
266
290
198
72
44
44
42
64
194
468
666
482
114
52
22
46
92
118
104
108
94
16
32
18
10
14
18
18
14
8
40
22
14
10
16
18
44
30
96
194
114
32
32
32
18
22
20
26
74
308
246
30
16
42
58
68
70
66
64
64
74
10
266
522
602
506
384
264
114
38
268
732
550
192
54
144
96
34
94
96
64
94
90
60
88
346
362
416
170
158
176
196
220
252
286
320
348
374
398
474
552
450
288
266
300
416
620
686
442
110
64
62
40
76
112
108
92
104
68
6
26
8
14
12
8
8
24
36
48
36
22
10
12
30
52
24
144
158
40
16
22
28
16
18
24
6
236
368
128
48
34
58
64
70
74
68
60
70
16
282
582
520
256
72
52
56
44
58
486
660
266
178
108
114
116
306
288
434
140
20
82
82
158
422
492
642
530
284
338
382
410
418
404
358
294
244
208
190
354
516
536
598
616
620
552
302
46
44
58
56
46
92
110
90
88
88
38
20
20
2
8
8
14
28
36
64
46
46
38
20
24
36
48
46
148
112
24
24
26
32
24
24
32
122
390
280
46
40
48
58
56
60
64
60
60
56
178
530
490
174
24
26
68
62
52
108
534
480
120
164
146
70
270
710
400
708
306
114
40
38
106
570
704
236
646
434
354
300
238
174
112
82
48
128
216
210
196
240
324
356
300
200
76
22
34
36
50
44
42
78
94
98
102
62
24
14
6
6
4
14
16
28
44
90
50
34
38
32
30
36
42
62
156
104
12
24
24
22
10
16
40
326
408
122
44
34
42
40
36
36
36
48
64
46
422
552
270
72
62
66
86
66
80
184
504
402
128
138
166
120
654
872
320
738
408
144
142
86
30
322
880
528
238
372
212
98
60
52
60
84
52
154
244
186
124
72
44
86
72
68
56
52
30
32
44
48
40
68
94
108
70
8
18
14
4
4
10
14
16
36
62
106
42
14
12
22
28
36
34
76
156
96
10
10
26
34
30
36
236
472
268
44
36
44
46
38
32
20
38
68
80
208
464
202
200
252
252
252
254
230
242
292
474
380
160
112
158
426
944
628
218
668
522
156
144
138
122
52
682
752
130
146
196
156
142
150
156
172
140
82
308
218
58
60
58
68
66
36
30
86
88
66
50
56
58
94
110
76
20
24
22
16
6
16
24
32
40
56
84
112
32
12
8
14
20
28
22
84
180
120
26
22
38
48
34
124
428
410
92
50
44
56
172
260
306
326
352
396
394
348
222
240
440
442
448
482
514
518
540
546
472
304
194
96
164
778
824
252
96
550
612
250
168
142
126
88
448
786
288
50
70
76
68
56
52
80
132
122
98
280
142
40
34
42
52
48
56
60
106
114
86
76
80
94
74
14
32
28
42
36
32
36
28
42
58
66
88
94
34
2
8
14
14
14
10
66
184
154
52
26
32
38
58
334
520
196
94
148
278
458
542
542
512
484
480
538
614
374
76
280
230
168
162
176
210
258
308
302
276
148
208
88
522
866
442
60
50
414
652
406
262
206
150
122
240
794
638
186
42
8
32
52
58
58
58
98
154
270
398
138
22
10
42
70
66
48
40
80
74
60
54
40
16
22
38
32
50
44
44
32
26
30
54
54
58
46
58
6
2
16
24
22
10
30
152
206
114
48
44
18
120
378
192
294
410
424
512
524
392
266
188
144
132
166
356
412
244
146
86
70
60
52
44
38
48
18
186
34
210
232
800
626
124
22
54
222
444
398
384
338
246
176
46
500
820
736
508
312
374
430
488
534
556
568
560
450
684
540
98
36
74
84
62
38
6
16
18
14
16
16
12
32
42
22
40
32
30
26
24
28
50
38
26
38
70
20
20
26
34
32
12
8
80
202
212
118
50
12
138
362
332
496
398
356
328
204
70
36
42
22
10
16
220
444
256
84
78
58
40
40
44
48
58
40
188
36
188
534
784
280
12
30
32
476
474
62
304
422
382
294
184
14
304
622
742
618
670
654
636
590
526
458
374
270
516
792
494
80
78
78
56
24
8
16
14
8
8
26
42
54
48
18
30
26
26
30
36
48
56
46
24
14
56
46
40
44
60
70
44
8
18
104
226
242
144
68
130
224
258
248
214
218
172
88
44
50
46
24
16
32
236
436
224
72
82
70
52
44
48
52
58
54
178
72
122
702
538
58
8
18
306
858
438
486
168
394
400
398
338
244
178
42
244
262
262
198
142
82
34
4
28
38
128
544
800
524
164
54
26
16
28
18
12
4
22
60
70
62
38
22
16
16
28
40
60
62
62
50
20
6
48
16
12
16
40
80
92
52
18
14
116
226
230
190
172
168
176
198
206
158
94
54
42
46
44
28
16
34
242
450
214
60
80
78
66
52
44
50
52
52
144
112
372
658
276
14
26
178
720
840
254
650
326
376
382
386
390
354
338
238
66
20
20
22
18
20
20
20
22
22
18
156
544
808
652
312
86
32
30
24
12
14
56
90
70
40
16
22
14
24
36
44
52
52
56
42
28
26
70
38
36
36
22
14
70
84
50
12
36
88
132
158
166
170
156
138
100
58
38
28
30
36
38
24
16
34
244
496
254
56
80
84
76
64
54
50
44
46
94
226
536
486
114
28
150
638
866
454
170
732
526
158
352
400
388
354
412
418
186
22
18
16
14
18
20
20
26
24
18
16
126
452
766
780
514
208
50
22
22
40
84
92
46
18
12
12
8
26
20
18
32
36
44
48
58
68
104
40
34
44
42
38
26
50
62
26
30
32
34
42
50
46
52
38
20
18
10
6
14
22
28
20
20
30
208
520
316
54
78
86
82
72
62
56
48
48
46
326
582
324
50
164
640
868
514
106
52
606
904
492
32
278
390
356
386
532
402
114
36
30
22
24
26
24
26
20
14
12
10
68
290
612
794
704
430
172
44
66
98
80
24
32
26
20
18
28
30
30
36
40
52
62
68
82
126
14
0
24
34
40
46
34
58
44
26
32
24
16
14
10
24
30
24
4
4
10
24
34
32
24
24
24
148
498
360
50
70
84
86
80
70
62
52
46
12
384
586
198
228
668
850
502
116
30
18
252
698
902
718
268
144
264
350
612
668
346
86
54
46
32
30
24
20
16
12
6
12
12
14
118
366
658
782
658
402
144
82
48
20
36
40
34
30
40
42
40
58
70
78
68
58
62
108
18
16
10
14
16
30
22
60
58
16
24
6
8
14
10
16
26
28
16
10
26
38
44
28
20
22
22
110
474
394
56
62
82
86
82
72
64
60
54
30
402
592
192
718
784
434
92
28
28
30
10
150
494
828
830
448
160
212
480
780
738
360
122
74
66
44
28
20
12
8
2
6
14
14
4
20
160
424
674
762
624
360
142
48
62
56
42
22
34
44
56
76
94
86
58
46
36
86
18
22
8
6
6
4
16
60
64
18
36
20
12
12
8
8
22
30
22
16
28
40
38
16
14
14
12
82
432
412
76
50
78
86
82
76
66
62
62
56
378
624
480
690
324
56
34
34
30
28
26
24
34
278
626
752
642
246
156
448
786
776
472
214
100
56
30
18
8
4
10
12
20
28
32
34
36
50
182
404
612
678
560
272
58
44
36
14
34
48
64
88
92
66
40
30
10
100
20
12
4
4
4
6
28
68
64
28
44
44
18
6
4
4
12
26
20
14
34
44
26
4
6
4
24
90
382
440
124
40
74
88
84
80
70
64
70
80
274
364
314
270
100
58
42
40
32
26
24
16
18
26
94
446
692
316
32
80
328
646
762
646
480
346
236
164
128
112
110
116
132
158
202
254
304
356
406
444
444
388
378
262
68
26
26
10
38
62
82
92
76
46
22
8
18
118
30
30
14
10
10
14
42
74
52
18
22
40
36
16
0
8
14
14
10
30
48
38
14
2
6
26
52
56
336
484
188
28
70
88
86
84
76
70
76
274
530
318
268
216
120
72
50
44
36
28
24
14
12
24
32
448
804
338
34
14
44
178
416
602
680
692
662
616
578
558
552
554
558
572
602
616
606
594
574
550
544
544
488
266
52
32
28
40
80
102
102
94
68
36
22
34
52
136
16
30
26
12
12
10
46
72
30
2
2
18
34
36
26
18
16
14
34
46
40
22
8
8
18
50
44
14
260
530
288
22
58
84
88
88
82
96
352
576
532
294
378
252
140
90
62
52
44
34
30
20
16
24
60
578
760
204
26
18
26
26
50
128
248
368
452
486
482
470
460
446
420
396
370
320
248
188
144
114
98
76
46
28
30
24
20
74
100
100
94
78
48
32
28
60
78
142
6
22
32
22
6
10
60
64
14
2
4
6
14
24
28
30
36
38
40
26
14
8
6
8
34
54
18
14
152
532
416
48
42
74
78
76
72
348
556
422
168
174
400
344
166
104
74
58
50
40
34
24
20
20
124
668
652
86
16
18
20
28
30
10
8
4
34
62
58
46
40
38
36
32
12
4
20
20
10
8
16
22
14
16
22
8
54
84
74
60
56
32
34
32
42
70
90
142
12
16
22
24
16
50
80
50
14
6
4
4
6
8
6
12
14
16
10
4
4
4
4
12
42
40
4
14
48
452
518
122
30
64
64
58
274
508
362
94
6
66
320
458
272
118
84
66
54
46
38
24
18
10
184
692
532
20
4
14
18
30
38
52
40
50
46
70
78
64
54
52
54
60
54
44
44
44
42
34
14
22
24
24
2
48
72
68
46
28
46
52
54
50
58
82
100
138
18
22
24
24
56
84
64
28
12
4
4
4
6
8
0
6
4
2
4
2
2
2
2
16
40
30
8
10
16
328
562
228
24
54
58
168
450
370
94
10
12
14
156
450
474
218
78
68
60
52
44
28
16
18
218
674
450
20
8
14
32
36
96
152
108
156
84
58
98
90
82
80
60
28
16
32
48
46
46
50
44
50
40
24
24
62
52
40
26
18
28
40
64
82
74
94
102
120
38
48
60
76
92
68
28
10
4
2
2
4
4
10
4
6
4
4
4
4
2
2
6
20
36
24
8
4
26
202
546
336
34
50
64
368
418
140
12
16
18
14
28
244
540
466
162
48
54
54
48
32
18
20
208
634
412
26
14
30
36
56
194
230
138
236
152
66
94
92
78
156
234
226
204
158
36
30
24
26
40
46
38
36
46
48
28
22
18
16
32
76
92
90
80
84
72
76
70
72
84
84
64
32
12
8
8
4
2
6
6
10
6
4
2
4
2
2
4
4
2
18
40
26
8
2
18
102
504
444
74
32
270
480
230
26
14
16
16
14
18
46
324
602
478
166
32
38
44
32
18
18
188
672
462
14
10
32
0
142
272
242
134
272
224
86
76
86
248
338
278
220
230
334
228
34
26
24
20
18
16
44
62
60
42
24
20
40
98
132
102
84
82
52
26
52
54
46
38
24
10
2
8
8
4
8
6
6
8
10
6
4
2
4
2
4
8
4
2
14
44
34
4
4
10
26
424
532
152
112
524
436
138
36
16
14
14
14
14
14
78
358
670
598
226
28
26
28
18
20
136
676
560
16
20
30
52
210
288
196
116
282
288
110
46
226
352
216
88
66
76
240
340
130
46
40
60
42
14
26
58
66
58
40
58
100
146
130
70
76
78
62
46
88
14
10
6
16
16
8
12
16
8
2
2
4
8
12
8
6
4
6
4
4
8
4
6
12
48
56
16
4
6
28
312
584
268
356
650
272
228
106
26
18
18
20
20
18
12
76
340
800
764
310
44
14
12
14
72
626
712
160
22
10
108
240
252
136
84
258
318
182
74
324
274
104
92
102
100
114
332
238
90
58
94
78
50
20
36
62
68
48
84
114
116
72
40
54
66
66
56
96
6
12
10
14
16
10
12
16
16
12
8
4
4
8
6
6
4
8
8
8
10
4
4
6
36
68
42
4
12
28
196
590
362
582
564
114
238
232
132
44
18
16
16
16
18
72
166
356
904
828
334
50
4
4
22
482
776
364
54
34
164
246
200
82
50
198
294
230
152
378
258
140
150
132
120
78
278
272
94
72
104
92
72
40
6
42
68
54
82
88
72
46
32
42
60
56
30
66
14
14
10
8
12
12
16
14
12
16
16
12
4
4
4
6
4
14
16
16
20
20
18
12
8
52
66
28
20
20
86
538
390
656
364
68
140
240
260
172
72
24
12
20
28
72
164
138
434
848
738
362
76
6
18
304
734
512
110
70
204
226
138
74
96
192
238
256
266
408
236
104
110
98
76
36
170
186
72
50
74
68
64
48
28
38
52
58
76
72
68
54
36
38
60
66
28
56
12
14
12
4
4
4
10
10
6
12
12
10
10
2
4
12
42
56
60
64
68
66
54
40
24
16
56
58
36
14
30
404
376
520
172
20
32
90
194
248
190
96
40
34
36
68
160
138
134
426
636
676
422
126
26
160
670
648
174
116
230
188
76
60
140
150
152
214
312
328
148
46
72
62
40
98
186
136
38
34
54
44
38
34
36
44
38
46
64
72
72
52
32
32
48
76
52
60
4
16
10
4
8
6
6
4
8
16
10
4
8
8
2
42
72
66
70
80
74
92
76
58
50
22
10
36
48
42
34
178
198
216
50
6
12
18
44
146
220
180
88
32
30
60
154
134
118
222
262
518
692
534
230
38
556
750
262
154
218
132
42
106
124
50
76
186
230
180
74
46
76
48
44
158
216
160
78
72
78
68
56
44
34
46
44
42
62
70
54
38
28
32
40
68
80
106
18
18
12
12
10
6
2
12
8
22
18
8
8
12
18
80
82
54
64
68
46
88
84
58
58
48
28
6
22
24
20
20
22
14
4
2
16
24
10
34
132
196
152
70
32
64
154
128
126
216
152
244
468
656
608
350
314
802
386
168
182
84
48
104
54
32
106
134
108
56
30
58
76
28
84
212
254
176
94
82
84
70
54
36
16
48
58
44
50
50
32
26
24
24
36
46
70
116
18
16
14
12
10
10
12
18
10
20
16
10
8
12
48
106
70
44
64
50
22
62
78
52
50
54
42
16
20
16
2
2
4
6
6
2
8
22
18
8
52
142
190
164
110
106
166
128
132
172
132
210
246
366
602
756
316
574
520
172
164
58
58
66
4
58
100
100
54
18
30
68
72
6
120
246
236
104
72
38
54
42
24
10
4
42
68
50
50
56
48
44
42
40
38
42
60
66
10
10
12
8
24
68
104
106
96
94
68
40
14
6
56
90
32
24
50
24
2
34
48
32
38
52
46
26
22
4
8
10
14
10
12
10
8
14
18
14
22
60
118
158
154
122
138
114
124
86
116
204
254
228
280
580
790
502
334
160
162
52
106
92
26
64
106
106
54
22
36
60
54
20
142
254
194
36
52
20
28
18
10
22
20
42
82
66
36
34
38
20
14
12
6
10
18
30
6
8
12
84
166
198
180
142
142
162
158
126
58
10
42
92
44
28
42
12
20
64
74
32
32
46
24
18
16
16
12
12
10
6
10
14
14
14
16
16
16
18
32
58
72
102
56
84
110
26
102
124
196
180
82
98
422
378
164
160
166
92
166
180
104
70
118
114
46
14
36
52
36
36
160
262
176
40
62
36
32
18
12
10
28
58
78
56
112
158
202
214
190
168
160
164
170
176
12
24
126
218
214
144
74
54
58
96
144
174
150
108
62
64
50
30
38
38
80
106
80
36
50
50
12
14
16
28
16
34
38
36
12
8
10
6
6
8
6
8
8
8
6
62
14
74
124
20
100
52
120
124
74
74
50
110
126
168
148
124
164
240
208
76
140
128
40
14
38
54
34
42
174
278
178
54
70
46
28
18
24
36
30
42
104
190
282
274
256
290
290
274
268
274
286
318
26
132
228
182
76
10
18
18
4
18
74
172
258
282
240
146
70
8
32
78
110
102
54
36
28
12
14
20
12
28
84
136
120
128
74
8
14
10
10
4
2
2
2
4
4
68
12
74
140
22
120
26
96
158
128
66
80
106
152
142
98
96
86
186
240
144
146
138
54
64
52
76
46
60
188
274
152
32
60
50
32
26
24
8
82
158
214
266
244
168
122
144
158
152
154
156
168
240
102
214
174
50
8
16
20
20
8
56
176
246
212
274
270
230
194
106
40
68
70
40
18
24
30
32
30
16
12
68
192
190
152
190
146
32
16
10
12
10
6
8
6
4
8
74
14
72
168
26
136
26
104
190
152
56
82
46
132
176
162
132
62
80
192
164
120
134
62
96
72
86
34
70
182
266
196
78
36
10
26
20
70
158
242
246
186
136
82
28
12
20
30
24
22
20
22
104
170
190
68
6
12
16
18
20
18
136
230
178
78
148
180
184
204
174
84
50
26
36
56
66
60
44
48
40
16
160
252
170
146
202
178
46
20
8
4
8
10
16
18
18
16
68
10
70
202
38
166
32
110
204
162
42
90
10
110
176
190
176
130
20
116
130
64
102
54
74
56
48
12
74
170
260
256
200
158
106
74
148
230
272
244
136
52
16
10
16
18
24
32
36
34
38
36
108
186
122
20
10
12
16
16
18
42
170
186
92
38
86
128
144
184
200
134
42
56
66
68
66
38
26
28
36
78
244
260
132
140
204
180
52
24
12
4
12
14
8
6
8
20
86
28
70
210
28
182
32
112
208
164
28
102
52
80
160
208
220
192
88
66
76
18
68
42
26
42
18
44
72
108
174
210
222
232
212
186
258
260
190
80
30
72
62
58
58
68
86
102
110
104
104
108
156
158
68
14
12
10
10
12
16
54
158
144
66
36
42
88
116
176
212
148
50
80
68
68
66
46
42
56
14
170
282
224
78
130
216
192
56
28
16
12
26
28
34
52
84
118
148
104
78
206
22
182
32
112
210
166
20
110
74
38
118
186
240
246
168
100
84
26
62
52
22
42
76
96
78
26
68
124
202
276
254
158
172
108
18
92
144
148
148
154
158
172
186
190
184
170
168
170
190
124
42
4
8
8
6
14
22
58
176
180
102
36
28
62
74
160
202
108
18
54
78
94
86
106
94
28
126
256
258
156
34
124
228
220
66
30
52
90
120
138
164
192
218
210
146
176
88
206
22
178
32
112
212
174
30
116
84
6
52
104
120
156
164
140
106
96
86
68
54
92
152
172
114
104
72
166
184
244
256
112
20
70
152
200
208
206
202
184
164
154
148
136
122
110
106
104
114
98
36
28
8
6
10
20
20
36
160
218
174
100
66
142
214
276
230
106
4
78
132
120
94
138
142
46
236
274
188
86
28
114
230
252
104
96
168
220
240
242
240
232
214
160
188
216
96
198
10
174
34
108
216
206
90
146
80
36
180
284
256
114
64
146
188
206
184
154
108
126
228
272
206
236
158
152
96
120
216
128
84
108
136
130
114
102
84
50
18
14
36
38
26
14
12
28
38
90
32
32
20
6
8
16
12
12
102
208
234
188
206
302
316
270
148
14
94
172
180
116
90
148
154
104
274
224
112
36
18
92
214
268
154
198
272
272
238
200
172
144
98
110
184
226
96
198
2
176
30
90
196
212
128
120
36
120
306
356
252
218
252
138
72
190
238
264
194
120
246
260
172
254
186
130
66
108
226
188
62
32
80
114
138
156
160
134
134
130
124
128
110
88
92
116
118
126
94
24
16
12
14
20
22
18
50
136
210
182
264
282
212
120
24
150
226
244
184
92
94
150
144
156
262
158
56
10
10
66
180
246
174
258
286
216
144
96
66
36
36
138
244
250
92
196
10
168
50
70
92
116
76
32
54
218
338
276
136
156
278
296
168
56
60
182
180
30
164
168
154
296
172
126
126
254
316
192
28
18
50
80
108
134
156
150
138
120
126
142
144
128
126
140
132
130
148
78
34
50
52
38
32
26
28
66
142
134
190
130
82
18
136
248
260
218
134
118
120
150
116
186
220
100
20
6
16
50
128
178
132
224
206
114
52
20
8
54
150
270
290
210
72
190
24
158
158
206
220
182
122
90
148
286
322
200
64
70
180
254
236
222
188
182
190
52
198
180
154
226
136
158
288
398
360
170
132
62
24
2
14
32
52
60
54
54
68
86
100
96
82
88
98
80
136
136
114
90
122
108
62
26
38
80
114
140
120
82
72
42
162
254
210
134
82
126
160
182
116
184
156
54
0
16
30
64
70
80
82
136
104
42
12
6
18
76
208
322
226
104
46
188
36
110
278
320
290
220
194
136
180
312
294
152
42
42
114
168
152
144
158
152
136
26
162
150
124
222
106
274
370
416
302
292
260
168
94
46
24
16
14
12
10
10
6
16
28
30
14
18
58
36
96
212
178
98
154
178
118
90
110
142
118
82
74
68
48
60
166
230
150
60
28
82
148
192
134
128
80
28
16
34
58
94
82
26
28
62
68
44
26
66
78
156
224
278
96
14
42
186
52
18
268
248
152
122
130
80
172
296
226
90
14
26
68
118
106
52
38
46
28
62
190
162
116
188
132
332
370
288
138
230
290
266
188
102
44
22
24
24
24
22
20
24
32
36
32
36
84
32
202
318
208
122
152
242
210
150
124
96
38
32
28
20
28
76
150
246
186
64
8
34
84
132
116
30
32
38
42
70
102
134
104
80
90
114
106
60
120
164
110
216
328
328
132
64
52
186
42
74
324
274
128
108
120
2
190
236
120
70
46
64
76
96
100
50
6
8
8
58
176
142
86
130
92
272
228
82
14
72
168
228
218
152
66
10
16
22
24
22
22
26
32
36
36
30
78
